1637886440, 0.0180206298828125, 19.244476318359375
1637886440, -0.06118011474609375, nan
1637886440, -0.1557159423828125, nan
1637886440, -0.19915008544921875, nan
1637886440, -0.206817626953125, nan
1637886440, -0.23492431640625, nan
1637886440, -0.19915008544921875, nan
1637886441, -0.1097259521484375, nan
1637886441, -0.00241851806640625, nan
1637886441, 0.14577484130859375, nan
1637886441, 0.43448638916015625, nan
1637886441, 0.8305130004882812, nan
1637886441, 1.0681304931640625, nan
1637886441, 1.2520904541015625, nan
1637886441, 1.3440704345703125, nan
1637886441, 1.3287353515625, nan
1637886441, 1.4232711791992188, nan
1637886441, 1.558685302734375, nan
1637886442, 1.5714645385742188, nan
1637886442, 1.4181594848632812, nan
1637886442, 1.1601104736328125, nan
1637886442, 0.9097213745117188, nan
1637886442, 0.6746597290039062, nan
1637886442, 0.40383148193359375, nan
1637886442, 0.178985595703125, nan
1637886442, 0.079345703125, nan
1637886442, 0.00269317626953125, nan
1637886442, -0.08928680419921875, nan
1637886443, -0.15316009521484375, nan
1637886443, -0.1429443359375, nan
1637886443, -0.06629180908203125, nan
1637886443, -0.2528076171875, nan
1637886443, -0.5696258544921875, nan
1637886443, -0.656494140625, nan
1637886443, -0.63861083984375, nan
1637886443, -0.6360549926757812, nan
1637886443, -0.6641616821289062, nan
1637886443, -0.684600830078125, nan
1637886444, -0.6360549926757812, nan
1637886444, -0.40610504150390625, nan
1637886444, 0.03591156005859375, nan
1637886444, 0.8279571533203125, nan
1637886444, 1.7605361938476562, nan
1637886444, 2.2229843139648438, nan
1637886444, 2.5602493286132812, nan
1637886444, 3.1530075073242188, nan
1637886444, 3.7432098388671875, nan
1637886444, 4.2133331298828125, nan
1637886445, 4.392181396484375, nan
1637886445, 4.072807312011719, nan
1637886445, 3.352294921875, nan
1637886445, 3.26031494140625, nan
1637886445, 5.19189453125, nan
1637886445, 5.659461975097656, nan
1637886445, 3.9552764892578125, nan
1637886445, 3.0891342163085938, nan
1637886445, 2.8183059692382812, nan
1637886446, 2.65478515625, nan
1637886446, 2.52447509765625, nan
1637886446, 2.3558502197265625, nan
1637886446, 2.0211410522460938, nan
1637886446, 1.6404495239257812, nan
1637886446, 1.40283203125, nan
1637886446, 1.3006362915039062, nan
1637886446, 1.2444229125976562, nan
1637886446, 1.1115646362304688, nan
1637886446, 1.0119171142578125, nan
1637886447, 1.0400238037109375, nan
1637886447, 1.0732345581054688, nan
1637886447, 1.0017013549804688, nan
1637886447, 0.8994979858398438, nan
1637886447, 0.8816146850585938, nan
1637886447, 0.879058837890625, nan
1637886447, 0.8509521484375, nan
1637886447, 0.8381805419921875, nan
1637886447, 0.7921905517578125, nan
1637886447, 0.7206497192382812, nan
1637886448, 0.7410888671875, nan
1637886448, 0.8279571533203125, nan
1637886448, 0.8560638427734375, nan
1637886448, 0.822845458984375, nan
1637886448, 0.8024063110351562, nan
1637886448, 0.8254013061523438, nan
1637886448, 0.8458404541015625, nan
1637886448, 0.7947463989257812, nan
1637886448, 0.6797714233398438, nan
1637886448, 0.5443496704101562, nan
1637886449, 0.46514892578125, nan
1637886449, 0.447265625, nan
1637886449, 0.41149139404296875, nan
1637886449, 0.3731689453125, nan
1637886449, 0.345062255859375, nan
1637886449, 0.31951141357421875, nan
1637886449, 0.327178955078125, nan
1637886449, 0.3961639404296875, nan
1637886449, 0.6133346557617188, nan
1637886449, 0.9352645874023438, nan
1637886450, 1.2546463012695312, nan
1637886450, 1.5995712280273438, nan
1637886450, 1.9470443725585938, nan
1637886450, 2.2664260864257812, 0.0
1637886450, 2.4912643432617188, nan
1637886450, 2.6803359985351562, nan
1637886450, 2.8157501220703125, nan
1637886450, 2.7237701416015625, nan
1637886450, 2.4759292602539062, nan
1637886450, 2.1642227172851562, nan
1637886451, 1.8090744018554688, nan
1637886451, 1.4411544799804688, nan
1637886451, 1.1754379272460938, nan
1637886451, 1.0502395629882812, nan
1637886451, 0.9403762817382812, nan
1637886451, 0.8458404541015625, nan
1637886451, 0.7717514038085938, nan
1637886451, 0.7002105712890625, nan
1637886451, 0.6312255859375, nan
1637886451, 0.5877914428710938, nan
1637886451, 0.5980072021484375, nan
1637886452, 0.5903396606445312, nan
1637886452, 0.57501220703125, nan
1637886452, 0.55712890625, nan
1637886452, 0.5443496704101562, nan
1637886452, 0.4830322265625, nan
1637886452, 0.43959808349609375, nan
1637886452, 0.46259307861328125, nan
1637886452, 0.49835968017578125, nan
1637886452, 0.5264663696289062, nan
1637886452, 0.5622406005859375, nan
1637886453, 0.6925430297851562, nan
1637886453, 0.9505996704101562, nan
1637886453, 1.1933212280273438, nan
1637886453, 1.4411544799804688, nan
1637886453, 1.7758636474609375, nan
1637886453, 2.092681884765625, nan
1637886453, 2.3762893676757812, nan
1637886453, 2.6343460083007812, nan
1637886453, 2.866851806640625, nan
1637886453, 3.0431442260742188, nan
1637886454, 2.920501708984375, nan
1637886454, 2.5423660278320312, nan
1637886454, 2.2153244018554688, nan
1637886454, 1.9036102294921875, nan
1637886454, 1.558685302734375, nan
1637886454, 1.2520904541015625, nan
1637886454, 0.988922119140625, nan
1637886454, 0.7334213256835938, nan
1637886454, 0.49069976806640625, nan
1637886454, 0.401275634765625, nan
1637886455, 0.45748138427734375, nan
1637886455, 0.43959808349609375, nan
1637886455, 0.3731689453125, nan
1637886455, 0.4319305419921875, nan
1637886455, 0.5673446655273438, nan
1637886455, 0.6184463500976562, nan
1637886455, 0.5213546752929688, nan
1637886455, 0.5136947631835938, nan
1637886455, 0.6261138916015625, nan
1637886455, 0.6644363403320312, nan
1637886456, 0.7436447143554688, nan
1637886456, 0.9659271240234375, nan
1637886456, 1.2776412963867188, nan
1637886456, 1.5919036865234375, nan
1637886456, 1.798858642578125, nan
1637886456, 2.04669189453125, nan
1637886456, 2.3737335205078125, nan
1637886456, 2.6011276245117188, nan
1637886456, 2.7978668212890625, nan
1637886456, 2.9869308471679688, nan
1637886457, 3.0916900634765625, nan
1637886457, 3.0380325317382812, nan
1637886457, 2.6905517578125, nan
1637886457, 2.2715301513671875, nan
1637886457, 2.02880859375, nan
1637886457, 1.7579803466796875, nan
1637886457, 1.4053878784179688, nan
1637886457, 1.2265396118164062, nan
1637886457, 1.1754379272460938, nan
1637886457, 0.9505996704101562, nan
1637886458, 0.7487564086914062, nan
1637886458, 0.7972946166992188, nan
1637886458, 0.815185546875, nan
1637886458, 0.7257614135742188, nan
1637886458, 0.7436447143554688, nan
1637886458, 0.7794113159179688, nan
1637886458, 0.677215576171875, nan
1637886458, 0.5954513549804688, nan
1637886458, 0.6516647338867188, nan
1637886458, 0.712982177734375, nan
1637886459, 0.8279571533203125, nan
1637886459, 1.1345596313476562, nan
1637886459, 1.5126953125, nan
1637886459, 1.8601760864257812, nan
1637886459, 2.1744461059570312, nan
1637886459, 2.4529342651367188, nan
1637886459, 2.7161026000976562, nan
1637886459, 2.938385009765625, nan
1637886459, 3.1555633544921875, nan
1637886459, 3.2552108764648438, nan
1637886460, 3.0993499755859375, nan
1637886460, 2.7339859008789062, nan
1637886460, 2.1769943237304688, 16.643550872802734
1637886460, 1.7017669677734375, nan
1637886460, 1.4999237060546875, nan
1637886460, 1.3082962036132812, nan
1637886460, 1.05279541015625, nan
1637886460, 0.94293212890625, nan
1637886460, 0.8560638427734375, nan
1637886460, 0.6414413452148438, nan
1637886461, 0.55712890625, nan
1637886461, 0.64910888671875, nan
1637886461, 0.6363296508789062, nan
1637886461, 0.5520172119140625, nan
1637886461, 0.603118896484375, nan
1637886461, 0.6465530395507812, nan
1637886461, 0.5162506103515625, nan
1637886461, 0.4319305419921875, nan
1637886461, 0.5136947631835938, nan
1637886461, 0.5443496704101562, nan
1637886462, 0.5980072021484375, nan
1637886462, 0.8535079956054688, nan
1637886462, 1.1243362426757812, nan
1637886462, 1.4258270263671875, nan
1637886462, 1.780975341796875, nan
1637886462, 2.1284561157226562, nan
1637886481, 1.9879302978515625, 19.664966583251953
1637886481, 2.2996368408203125, nan
1637886481, 2.626678466796875, nan
1637886481, 2.8413009643554688, nan
1637886481, 3.0099258422851562, nan
1637886481, 3.086578369140625, nan
1637886482, 2.9077301025390625, nan
1637886482, 2.5040359497070312, nan
1637886482, 2.148895263671875, nan
1637886482, 1.8831710815429688, nan
1637886482, 1.558685302734375, nan
1637886482, 1.3031845092773438, nan
1637886482, 1.1294479370117188, nan
1637886482, 0.9097213745117188, nan
1637886482, 0.7053146362304688, nan
1637886482, 0.529022216796875, nan
1637886483, 0.4242706298828125, nan
1637886483, 0.42682647705078125, nan
1637886483, 0.46514892578125, nan
1637886483, 0.4421539306640625, nan
1637886483, 0.34250640869140625, nan
1637886483, 0.3041839599609375, nan
1637886483, 0.2863006591796875, nan
1637886483, 0.17388153076171875, nan
1637886483, 0.0640106201171875, nan
1637886483, 0.03845977783203125, nan
1637886484, 0.06656646728515625, nan
1637886484, 0.13555145263671875, nan
1637886484, 0.1662139892578125, nan
1637886484, 0.19942474365234375, nan
1637886484, 0.44982147216796875, nan
1637886484, 0.8381805419921875, nan
1637886484, 1.0834579467773438, nan
1637886484, 1.3312911987304688, nan
1637886484, 1.7196502685546875, nan
1637886484, 2.000701904296875, nan
1637886485, 2.1872177124023438, nan
1637886485, 2.4273910522460938, nan
1637886485, 2.6650009155273438, nan
1637886485, 2.7953109741210938, nan
1637886485, 2.884735107421875, nan
1637886485, 3.022705078125, nan
1637886485, 2.9716033935546875, nan
1637886485, 2.644561767578125, nan
1637886485, 2.3277435302734375, nan
1637886485, 2.0160293579101562, nan
1637886486, 1.660888671875, nan
1637886486, 1.3670654296875, nan
1637886486, 1.1217803955078125, nan
1637886486, 0.9327163696289062, nan
1637886486, 0.8407363891601562, nan
1637886486, 0.7896347045898438, nan
1637886486, 0.6669921875, nan
1637886486, 0.5596847534179688, nan
1637886486, 0.53924560546875, nan
1637886486, 0.454925537109375, nan
1637886487, 0.37061309814453125, nan
1637886487, 0.41660308837890625, nan
1637886487, 0.454925537109375, nan
1637886487, 0.39871978759765625, nan
1637886487, 0.3731689453125, nan
1637886487, 0.38849639892578125, nan
1637886487, 0.27863311767578125, nan
1637886487, 0.17642974853515625, nan
1637886487, 0.25052642822265625, nan
1637886487, 0.309295654296875, nan
1637886488, 0.39871978759765625, nan
1637886488, 0.7436447143554688, nan
1637886488, 1.2418670654296875, nan
1637886488, 1.6123428344726562, nan
1637886488, 1.7222061157226562, nan
1637886488, 1.8320693969726562, nan
1637886488, 2.1182327270507812, nan
1637886488, 2.4299392700195312, nan
1637886488, 2.700775146484375, nan
1637886488, 2.8719558715820312, nan
1637886489, 2.7493209838867188, nan
1637886489, 2.2510910034179688, nan
1637886489, 1.64300537109375, nan
1637886489, 1.1498870849609375, nan
1637886489, 0.7283096313476562, nan
1637886489, 0.3322906494140625, nan
1637886489, 0.11766815185546875, nan
1637886489, 0.13299560546875, nan
1637886489, 0.24541473388671875, nan
1637886489, 0.32462310791015625, nan
1637886490, 0.2633056640625, nan
1637886490, 0.09722900390625, nan
1637886490, -0.0637359619140625, nan
1637886490, -0.20937347412109375, nan
1637886490, -0.30646514892578125, nan
1637886490, -0.326904296875, nan
1637886490, -0.27324676513671875, nan
1637886490, -0.18637847900390625, nan
1637886490, -0.11228179931640625, nan
1637886490, -0.01007843017578125, nan
1637886491, 0.14066314697265625, nan
1637886491, 0.35528564453125, nan
1637886491, 0.5877914428710938, nan
1637886491, 0.8202896118164062, nan
1637886491, 1.0860137939453125, 18.575851440429688
1637886491, 1.338958740234375, nan
1637886491, 1.551025390625, nan
1637886491, 1.7656402587890625, nan
1637886491, 2.000701904296875, nan
1637886491, 2.1591110229492188, nan
1637886492, 2.2459793090820312, nan
1637886492, 2.1361160278320312, nan
1637886492, 1.8141860961914062, nan
1637886492, 1.4973678588867188, nan
1637886492, 1.2265396118164062, nan
1637886492, 0.9787063598632812, nan
1637886492, 0.7359771728515625, nan
1637886492, 0.5213546752929688, nan
1637886492, 0.38338470458984375, nan
1637886492, 0.31951141357421875, nan
1637886493, 0.2300872802734375, nan
1637886493, 0.09722900390625, nan
1637886493, 0.041015625, nan
1637886493, -0.0177459716796875, nan
1637886493, -0.0918426513671875, nan
1637886493, -0.0816192626953125, nan
1637886493, -0.0637359619140625, nan
1637886493, -0.11739349365234375, nan
1637886493, -0.16082763671875, nan
1637886493, -0.132720947265625, nan
1637886494, -0.1787109375, nan
1637886494, -0.23236846923828125, nan
1637886494, -0.07651519775390625, nan
1637886494, 0.17388153076171875, nan
1637886494, 0.4140472412109375, nan
1637886494, 0.712982177734375, nan
1637886494, 1.045135498046875, nan
1637886494, 1.2878570556640625, nan
1637886494, 1.4871444702148438, nan
1637886494, 1.780975341796875, nan
1637886495, 2.0364761352539062, nan
1637886495, 2.166778564453125, nan
1637886495, 2.2740859985351562, nan
1637886495, 2.2894210815429688, nan
1637886495, 2.092681884765625, nan
1637886495, 1.7349853515625, nan
1637886495, 1.3900604248046875, nan
1637886495, 1.1677703857421875, nan
1637886495, 1.8933944702148438, nan
1637886495, 2.7953109741210938, nan
1637886496, 1.9496002197265625, nan
1637886496, 0.6082305908203125, nan
1637886496, 0.19687652587890625, nan
1637886496, -0.05606842041015625, nan
1637886496, -0.482757568359375, nan
1637886496, -0.8072433471679688, nan
1637886496, -1.0244140625, nan
1637886496, -1.0652999877929688, nan
1637886496, -0.9682083129882812, nan
1637886496, -0.8583450317382812, nan
1637886497, -0.82257080078125, nan
1637886497, -0.8097991943359375, nan
1637886497, -0.794464111328125, nan
1637886497, -0.8787841796875, nan
1637886497, -0.9682083129882812, nan
1637886497, -1.0116424560546875, nan
1637886497, -1.0320816040039062, nan
1637886497, -0.93243408203125, nan
1637886497, -0.6897125244140625, nan
1637886497, -0.4137725830078125, nan
1637886498, -0.17104339599609375, nan
1637886498, 0.0563507080078125, nan
1637886498, 0.2479705810546875, nan
1637886498, 0.38083648681640625, nan
1637886498, 0.4881439208984375, nan
1637886498, 0.6235580444335938, nan
1637886498, 0.7359771728515625, nan
1637886498, 0.7180938720703125, nan
1637886498, 0.5980072021484375, nan
1637886498, 0.4421539306640625, nan
1637886499, 0.21987152099609375, nan
1637886499, 0.01546478271484375, nan
1637886499, -0.1097259521484375, nan
1637886499, -0.2119293212890625, nan
1637886499, -0.30646514892578125, nan
1637886499, -0.37799835205078125, nan
1637886499, -0.426544189453125, nan
1637886499, -0.48531341552734375, nan
1637886499, -0.4955291748046875, nan
1637886499, -0.44443511962890625, nan
1637886500, -0.40099334716796875, nan
1637886500, -0.2758026123046875, nan
1637886500, 0.0103607177734375, nan
1637886500, 0.3399505615234375, nan
1637886500, 0.6337814331054688, nan
1637886500, 0.9173812866210938, nan
1637886500, 1.1677703857421875, nan
1637886500, 1.321075439453125, nan
1637886500, 1.3798370361328125, nan
1637886500, 1.3696212768554688, nan
1637886501, 1.137115478515625, nan
1637886501, 0.7462005615234375, nan
1637886501, 0.454925537109375, nan
1637886501, 0.270965576171875, nan
1637886501, 0.11766815185546875, 17.67304801940918
1637886501, -0.01263427734375, nan
1637886501, -0.12250518798828125, nan
1637886501, -0.2298126220703125, nan
1637886501, -0.326904296875, nan
1637886501, -0.3626708984375, nan
1637886502, -0.37545013427734375, nan
1637886502, -0.41121673583984375, nan
1637886502, -0.4418792724609375, nan
1637886502, -0.46743011474609375, nan
1637886502, -0.49297332763671875, nan
1637886502, -0.5389633178710938, nan
1637886502, -0.546630859375, nan
1637886502, -0.500640869140625, nan
1637886502, -0.44443511962890625, nan
1637886502, -0.3575592041015625, nan
1637886503, -0.23236846923828125, nan
1637886503, -0.08928680419921875, nan
1637886503, 0.01291656494140625, nan
1637886503, 0.1202239990234375, nan
1637886503, 0.28885650634765625, nan
1637886503, 0.45236968994140625, nan
1637886503, 0.5877914428710938, nan
1637886503, 0.6899871826171875, nan
1637886503, 0.6746597290039062, nan
1637886503, 0.48558807373046875, nan
1637886504, 0.21475982666015625, nan
1637886504, 0.02568817138671875, nan
1637886504, -0.0816192626953125, nan
1637886504, -0.17104339599609375, nan
1637886504, -0.2655792236328125, nan
1637886504, -0.35500335693359375, nan
1637886504, -0.4316558837890625, nan
1637886504, -0.52874755859375, nan
1637886504, -0.5824050903320312, nan
1637886504, -0.5670700073242188, nan
1637886505, -0.5491867065429688, nan
1637886505, -0.5594100952148438, nan
1637886505, -0.5798492431640625, nan
1637886505, -0.6002883911132812, nan
1637886505, -0.6411666870117188, nan
1637886505, -0.6539382934570312, nan
1637886505, -0.6334991455078125, nan
1637886505, -0.6309432983398438, nan
1637886505, -0.6437225341796875, nan
1637886505, -0.6513900756835938, nan
1637886506, -0.6437225341796875, nan
1637886506, -0.6283950805664062, nan
1637886506, -0.5159683227539062, nan
1637886506, -0.26047515869140625, nan
1637886506, 0.0052490234375, nan
1637886506, 0.22753143310546875, nan
1637886506, 0.46259307861328125, nan
1637886506, 0.6976547241210938, nan
1637886506, 0.8586196899414062, nan
1637886506, 0.9659271240234375, nan
1637886507, 1.1013412475585938, nan
1637886507, 1.1984329223632812, nan
1637886507, 1.1013412475585938, nan
1637886507, 0.86883544921875, nan
1637886507, 0.6312255859375, nan
1637886507, 0.3731689453125, nan
1637886507, 0.16365814208984375, nan
1637886507, 0.0461273193359375, nan
1637886507, -0.06629180908203125, nan
1637886507, -0.18126678466796875, nan
1637886508, -0.26813507080078125, nan
1637886508, -0.33200836181640625, nan
1637886508, -0.41121673583984375, nan
1637886508, -0.47509002685546875, nan
1637886508, -0.5083084106445312, nan
1637886508, -0.5517425537109375, nan
1637886508, -0.5875091552734375, nan
1637886508, -0.6079483032226562, nan
1637886508, -0.6156158447265625, nan
1637886508, -0.6309432983398438, nan
1637886509, -0.5824050903320312, nan
1637886509, -0.3856658935546875, nan
1637886509, -0.16849517822265625, nan
1637886509, -0.08928680419921875, nan
1637886509, -0.19149017333984375, nan
1637886509, -0.34223175048828125, nan
1637886509, -0.4137725830078125, nan
1637886509, -0.372894287109375, nan
1637886509, -0.20426177978515625, nan
1637886509, 0.0052490234375, nan
1637886510, 0.22753143310546875, nan
1637886510, 0.39105224609375, nan
1637886510, 0.5903396606445312, nan
1637886510, 0.8407363891601562, nan
1637886510, 0.9838104248046875, nan
1637886510, 1.154998779296875, nan
1637886510, 1.3593978881835938, nan
1637886510, 1.4794845581054688, nan
1637886510, 1.5101394653320312, nan
1637886510, 1.5305862426757812, nan
1637886511, 1.4564895629882812, nan
1637886511, 1.2674179077148438, nan
1637886511, 1.1856613159179688, nan
1637886511, 1.1652145385742188, nan
1637886511, 1.0400238037109375, 14.472777366638184
1637886511, 0.8126296997070312, nan
1637886511, 0.5699005126953125, nan
1637886511, 0.32462310791015625, nan
1637886511, 0.10489654541015625, nan
1637886511, 0.06145477294921875, nan
1637886512, 0.1840972900390625, nan
1637886512, 0.31951141357421875, nan
1637886512, 0.37572479248046875, nan
1637886512, 0.29140472412109375, nan
1637886512, 0.08444976806640625, nan
1637886512, -0.04329681396484375, nan
1637886512, 0.01546478271484375, nan
1637886512, 0.13043975830078125, nan
1637886512, 0.2760772705078125, nan
1637886512, 0.447265625, nan
1637886513, 0.6056747436523438, nan
1637886513, 0.7972946166992188, nan
1637886513, 0.9557113647460938, nan
1637886513, 1.1064529418945312, nan
1637886513, 1.2955245971679688, nan
1637886513, 1.4616012573242188, nan
1637886513, 1.6174545288085938, nan
1637886513, 1.7784194946289062, nan
1637886513, 1.9240493774414062, nan
1637886513, 2.0058135986328125, nan
1637886514, 1.8857269287109375, nan
1637886514, 1.4769287109375, nan
1637886514, 1.0476913452148438, nan
1637886514, 0.8254013061523438, nan
1637886514, 0.7053146362304688, nan
1637886514, 0.5494613647460938, nan
1637886514, 0.408935546875, nan
1637886514, 0.29651641845703125, nan
1637886514, 0.20964813232421875, nan
1637886514, 0.15088653564453125, nan
1637886515, 0.05890655517578125, nan
1637886515, -0.0279693603515625, nan
1637886515, -0.03818511962890625, nan
1637886515, -0.01007843017578125, nan
1637886515, 0.0640106201171875, nan
1637886515, 0.22753143310546875, nan
1637886515, 0.45236968994140625, nan
1637886515, 0.6899871826171875, nan
1637886515, 0.9378204345703125, nan
1637886515, 1.1217803955078125, nan
1637886516, 1.2571945190429688, nan
1637886516, 1.448822021484375, nan
1637886516, 1.6276702880859375, nan
1637886516, 1.6966552734375, nan
1637886516, 1.5740203857421875, nan
1637886516, 1.3159637451171875, nan
1637886516, 1.0604629516601562, nan
1637886516, 0.8458404541015625, nan
1637886516, 0.6082305908203125, nan
1637886516, 0.39105224609375, nan
1637886517, 0.28374481201171875, nan
1637886517, 0.2249755859375, nan
1637886517, 0.161102294921875, nan
1637886517, 0.09978485107421875, nan
1637886517, 0.04868316650390625, nan
1637886517, 0.0103607177734375, nan
1637886517, -0.02030181884765625, nan
1637886517, -0.09439849853515625, nan
1637886517, -0.16849517822265625, nan
1637886517, -0.1735992431640625, nan
1637886518, -0.17104339599609375, nan
1637886518, -0.188934326171875, nan
1637886518, -0.22214508056640625, nan
1637886518, -0.2476959228515625, nan
1637886518, -0.2528076171875, nan
1637886518, -0.2195892333984375, nan
1637886518, -0.15827178955078125, nan
1637886518, 0.01291656494140625, nan
1637886518, 0.3220672607421875, nan
1637886518, 0.6439971923828125, nan
1637886519, 0.9301605224609375, nan
1637886519, 1.18310546875, nan
1637886519, 1.4002761840820312, nan
1637886519, 1.5663528442382812, nan
1637886519, 1.67877197265625, nan
1637886519, 1.7937469482421875, nan
1637886519, 1.926605224609375, nan
1637886519, 1.9393844604492188, nan
1637886519, 1.7835311889648438, nan
1637886519, 1.551025390625, nan
1637886520, 1.3261795043945312, nan
1637886520, 1.1038970947265625, nan
1637886520, 0.83306884765625, nan
1637886520, 0.603118896484375, nan
1637886520, 0.47536468505859375, nan
1637886520, 0.36038970947265625, nan
1637886520, 0.24286651611328125, nan
1637886520, 0.14066314697265625, nan
1637886520, 0.06656646728515625, nan
1637886520, -0.0177459716796875, nan
1637886521, -0.12250518798828125, nan
1637886521, -0.17615509033203125, nan
1637886521, -0.188934326171875, nan
1637886521, -0.20426177978515625, nan
1637886521, -0.224700927734375, 15.206371307373047
1637886521, -0.2195892333984375, nan
1637886521, -0.1429443359375, nan
1637886521, 0.0180206298828125, nan
1637886521, 0.1840972900390625, nan
1637886521, 0.39105224609375, nan
1637886522, 0.6721038818359375, nan
1637886522, 0.9403762817382812, nan
1637886522, 1.1754379272460938, nan
1637886522, 1.3951644897460938, nan
1637886522, 1.6021194458007812, nan
1637886522, 1.7860794067382812, nan
1637886522, 1.8703994750976562, nan
1637886522, 1.872955322265625, nan
1637886522, 1.8039703369140625, nan
1637886522, 1.6200103759765625, nan
1637886523, 1.3900604248046875, nan
1637886523, 1.1575546264648438, nan
1637886523, 0.9557113647460938, nan
1637886523, 0.7896347045898438, nan
1637886523, 0.5826797485351562, nan
1637886523, 0.3501739501953125, nan
1637886523, 0.20453643798828125, nan
1637886523, 0.11766815185546875, nan
1637886523, 0.041015625, nan
1637886523, -0.022857666015625, nan
1637886524, -0.06629180908203125, nan
1637886524, -0.0918426513671875, nan
1637886524, -0.1097259521484375, nan
1637886524, -0.15827178955078125, nan
1637886524, -0.22725677490234375, nan
1637886524, -0.24514007568359375, nan
1637886524, -0.23236846923828125, nan
1637886524, -0.22725677490234375, nan
1637886524, -0.23748016357421875, nan
1637886524, -0.2476959228515625, nan
1637886525, -0.242584228515625, nan
1637886525, -0.1838226318359375, nan
1637886525, -0.01263427734375, nan
1637886525, 0.189208984375, nan
1637886568, 0.5213546752929688, 18.960674285888672
1637886568, 0.493255615234375, nan
1637886568, 0.48558807373046875, nan
1637886568, 0.4242706298828125, nan
1637886568, 0.3859405517578125, nan
1637886568, 0.42682647705078125, nan
1637886568, 0.5264663696289062, nan
1637886569, 0.7283096313476562, nan
1637886569, 1.0246963500976562, nan
1637886569, 1.3619537353515625, nan
1637886569, 1.7145462036132812, nan
1637886569, 1.9802627563476562, nan
1637886569, 2.1718902587890625, nan
1637886569, 2.4120559692382812, nan
1637886569, 2.6241226196289062, nan
1637886569, 2.8234100341796875, nan
1637886569, 3.0610275268554688, nan
1637886570, 3.2577667236328125, nan
1637886570, 3.2730941772460938, nan
1637886570, 2.9486083984375, nan
1637886570, 2.56280517578125, nan
1637886570, 2.30474853515625, nan
1637886570, 2.0364761352539062, nan
1637886570, 1.7452011108398438, nan
1637886570, 1.4641494750976562, nan
1637886570, 1.2674179077148438, nan
1637886570, 1.1013412475585938, nan
1637886571, 0.9122695922851562, nan
1637886571, 0.8024063110351562, nan
1637886571, 0.7794113159179688, nan
1637886571, 0.7564163208007812, nan
1637886571, 0.712982177734375, nan
1637886571, 0.6618804931640625, nan
1637886571, 0.6465530395507812, nan
1637886571, 0.6439971923828125, nan
1637886571, 0.57501220703125, nan
1637886571, 0.493255615234375, nan
1637886572, 0.47281646728515625, nan
1637886572, 0.48047637939453125, nan
1637886572, 0.49835968017578125, nan
1637886572, 0.5239105224609375, nan
1637886572, 0.5801239013671875, nan
1637886572, 0.7206497192382812, nan
1637886572, 0.9557113647460938, nan
1637886572, 1.154998779296875, nan
1637886572, 1.356842041015625, nan
1637886572, 1.6557769775390625, nan
1637886573, 1.9470443725585938, nan
1637886573, 2.2102127075195312, nan
1637886573, 2.4273910522460938, nan
1637886573, 2.6011276245117188, nan
1637886573, 2.7901992797851562, nan
1637886573, 2.9613800048828125, nan
1637886573, 2.9894866943359375, nan
1637886573, 2.8821792602539062, nan
1637886573, 2.6931076049804688, nan
1637886573, 2.4324951171875, nan
1637886574, 2.1642227172851562, nan
1637886574, 1.8882827758789062, nan
1637886574, 1.650665283203125, nan
1637886574, 1.4718170166015625, nan
1637886574, 1.2904129028320312, nan
1637886574, 1.0783462524414062, nan
1637886574, 0.94293212890625, nan
1637886574, 0.8943862915039062, nan
1637886574, 0.8535079956054688, nan
1637886575, 0.804962158203125, nan
1637886575, 0.7513046264648438, nan
1637886575, 0.7155380249023438, nan
1637886575, 0.7053146362304688, nan
1637886575, 0.6465530395507812, nan
1637886575, 0.5520172119140625, nan
1637886575, 0.5264663696289062, nan
1637886575, 0.5315780639648438, nan
1637886575, 0.5213546752929688, nan
1637886575, 0.493255615234375, nan
1637886576, 0.46259307861328125, nan
1637886576, 0.454925537109375, nan
1637886576, 0.49069976806640625, nan
1637886576, 0.5341339111328125, nan
1637886576, 0.6184463500976562, nan
1637886576, 0.8305130004882812, nan
1637886576, 1.0962295532226562, nan
1637886576, 1.3491744995117188, nan
1637886576, 1.5867919921875, nan
1637886576, 1.8244094848632812, nan
1637886577, 2.0722427368164062, nan
1637886577, 2.3200759887695312, nan
1637886577, 2.4657135009765625, nan
1637886577, 2.5832443237304688, nan
1637886577, 2.7646484375, nan
1637886577, 2.8872909545898438, nan
1637886577, 2.8361892700195312, nan
1637886577, 2.5934600830078125, nan
1637886577, 2.2894210815429688, nan
1637886577, 2.018585205078125, nan
1637886578, 1.7119903564453125, nan
1637886578, 1.4156112670898438, nan
1637886578, 1.2571945190429688, nan
1637886578, 1.1652145385742188, nan
1637886578, 1.0706863403320312, 17.353578567504883
1637886578, 0.9659271240234375, nan
1637886578, 0.879058837890625, nan
1637886578, 0.8305130004882812, nan
1637886578, 0.804962158203125, nan
1637886578, 0.7104263305664062, nan
1637886579, 0.5954513549804688, nan
1637886579, 0.5801239013671875, nan
1637886579, 0.5980072021484375, nan
1637886579, 0.603118896484375, nan
1637886579, 0.585235595703125, nan
1637886579, 0.5647964477539062, nan
1637886579, 0.55712890625, nan
1637886579, 0.55712890625, nan
1637886579, 0.5213546752929688, nan
1637886579, 0.42937469482421875, nan
1637886580, 0.38849639892578125, nan
1637886580, 0.39871978759765625, nan
1637886580, 0.42171478271484375, nan
1637886580, 0.4421539306640625, nan
1637886580, 0.49069976806640625, nan
1637886580, 0.6312255859375, nan
1637886580, 0.8662796020507812, nan
1637886580, 1.1524429321289062, nan
1637886580, 1.3645095825195312, nan
1637886580, 1.5740203857421875, nan
1637886581, 1.8601760864257812, nan
1637886581, 2.148895263671875, nan
1637886581, 2.4171676635742188, nan
1637886581, 2.644561767578125, nan
1637886581, 2.8438568115234375, nan
1637886581, 3.0073699951171875, nan
1637886581, 3.0073699951171875, nan
1637886581, 2.7288818359375, nan
1637886581, 2.3941726684570312, nan
1637886581, 2.1718902587890625, nan
1637886582, 1.9700393676757812, nan
1637886582, 1.7452011108398438, nan
1637886582, 1.5203628540039062, nan
1637886582, 1.3312911987304688, nan
1637886582, 1.1652145385742188, nan
1637886582, 0.9557113647460938, nan
1637886582, 0.7794113159179688, nan
1637886582, 0.7180938720703125, nan
1637886582, 0.68487548828125, nan
1637886582, 0.638885498046875, nan
1637886583, 0.5826797485351562, nan
1637886583, 0.5366897583007812, nan
1637886583, 0.5060272216796875, nan
1637886583, 0.46514892578125, nan
1637886583, 0.3680572509765625, nan
1637886583, 0.2939605712890625, nan
1637886583, 0.28885650634765625, nan
1637886583, 0.30162811279296875, nan
1637886583, 0.28885650634765625, nan
1637886583, 0.26586151123046875, nan
1637886584, 0.29651641845703125, nan
1637886584, 0.42937469482421875, nan
1637886584, 0.7206497192382812, nan
1637886584, 1.0093612670898438, nan
1637886584, 1.2725296020507812, nan
1637886584, 1.5995712280273438, nan
1637886584, 1.9215011596679688, nan
1637886584, 2.2332077026367188, nan
1637886584, 2.5091476440429688, nan
1637886584, 2.754425048828125, nan
1637886585, 2.9971542358398438, nan
1637886585, 3.1862258911132812, nan
1637886585, 3.2577667236328125, nan
1637886585, 3.2449874877929688, nan
1637886585, 3.1095733642578125, nan
1637886585, 2.8157501220703125, nan
1637886585, 2.4810409545898438, nan
1637886585, 2.1693344116210938, nan
1637886585, 1.9112777709960938, nan
1637886585, 1.64300537109375, nan
1637886586, 1.3312911987304688, nan
1637886586, 1.1013412475585938, nan
1637886586, 0.9608154296875, nan
1637886586, 0.8407363891601562, nan
1637886586, 0.7334213256835938, nan
1637886586, 0.6312255859375, nan
1637886586, 0.5545730590820312, nan
1637886586, 0.5034713745117188, nan
1637886586, 0.4140472412109375, nan
1637886586, 0.30162811279296875, nan
1637886587, 0.26586151123046875, nan
1637886587, 0.299072265625, nan
1637886587, 0.37061309814453125, nan
1637886587, 0.5315780639648438, nan
1637886587, 0.879058837890625, nan
1637886587, 1.356842041015625, nan
1637886587, 1.8474044799804688, nan
1637886587, 2.3609542846679688, nan
1637886587, 2.7620925903320312, nan
1637886587, 3.0661392211914062, nan
1637886588, 3.3599624633789062, nan
1637886588, 3.5873565673828125, nan
1637886588, 3.758544921875, nan
1637886588, 3.8760757446289062, nan
1637886588, 3.9041748046875, 17.341039657592773
1637886588, 3.7099990844726562, nan
1637886588, 3.2219924926757812, nan
1637886588, 2.6241226196289062, nan
1637886588, 2.23065185546875, nan
1637886588, 1.97259521484375, nan
1637886589, 1.6813278198242188, nan
1637886589, 1.42071533203125, nan
1637886589, 1.2418670654296875, nan
1637886589, 1.1166763305664062, nan
1637886589, 0.9352645874023438, nan
1637886589, 0.7666397094726562, nan
1637886589, 0.7027664184570312, nan
1637886589, 0.7002105712890625, nan
1637886589, 0.7359771728515625, nan
1637886589, 0.7513046264648438, nan
1637886590, 0.7283096313476562, nan
1637886590, 0.72320556640625, nan
1637886590, 0.7104263305664062, nan
1637886590, 0.6899871826171875, nan
1637886590, 0.787078857421875, nan
1637886590, 1.034912109375, nan
1637886590, 1.3645095825195312, nan
1637886590, 1.6736602783203125, nan
1637886590, 1.9317169189453125, nan
1637886590, 2.1821060180664062, nan
1637886591, 2.4222793579101562, nan
1637886591, 2.6573410034179688, nan
1637886591, 2.7850875854492188, nan
1637886591, 2.8694000244140625, nan
1637886591, 2.9971542358398438, nan
1637886591, 3.00482177734375, nan
1637886591, 2.8004150390625, nan
1637886591, 2.4835968017578125, nan
1637886591, 2.1642227172851562, nan
1637886591, 1.9010543823242188, nan
1637886592, 1.7145462036132812, nan
1637886592, 1.4769287109375, nan
1637886592, 1.2163162231445312, nan
1637886592, 1.0885696411132812, nan
1637886592, 1.0221405029296875, nan
1637886592, 0.9454879760742188, nan
1637886592, 0.8509521484375, nan
1637886592, 0.77685546875, nan
1637886592, 0.7513046264648438, nan
1637886592, 0.7385330200195312, nan
1637886593, 0.6567764282226562, nan
1637886593, 0.5647964477539062, nan
1637886593, 0.5647964477539062, nan
1637886593, 0.585235595703125, nan
1637886593, 0.5699005126953125, nan
1637886593, 0.4600372314453125, nan
1637886593, 0.37061309814453125, nan
1637886593, 0.408935546875, nan
1637886593, 0.29651641845703125, nan
1637886593, -0.022857666015625, nan
1637886594, -0.2579193115234375, nan
1637886594, -0.3575592041015625, nan
1637886594, -0.38311004638671875, nan
1637886594, -0.3396759033203125, nan
1637886594, -0.20426177978515625, nan
1637886594, 0.0001373291015625, nan
1637886594, 0.11255645751953125, nan
1637886594, 0.06656646728515625, nan
1637886594, -0.02541351318359375, nan
1637886594, 0.02057647705078125, nan
1637886595, 0.18154144287109375, nan
1637886595, 0.33484649658203125, nan
1637886595, 0.454925537109375, nan
1637886595, 0.38338470458984375, nan
1637886595, 0.217315673828125, nan
1637886595, 0.327178955078125, nan
1637886595, 0.4421539306640625, nan
1637886595, 0.31439971923828125, nan
1637886595, 0.2581939697265625, nan
1637886595, 0.2863006591796875, nan
1637886596, 0.02568817138671875, nan
1637886596, -0.5721817016601562, nan
1637886596, -0.9912033081054688, nan
1637886596, -0.93243408203125, nan
1637886596, -0.24002838134765625, nan
1637886596, 0.9965896606445312, nan
1637886596, 1.8499603271484375, nan
1637886596, 1.8882827758789062, nan
1637886596, 1.8090744018554688, nan
1637886596, 1.9419403076171875, nan
1637886597, 2.2255401611328125, nan
1637886597, 2.41461181640625, nan
1637886597, 2.3456268310546875, nan
1637886597, 2.3098602294921875, nan
1637886597, 2.1872177124023438, nan
1637886597, 1.7681961059570312, nan
1637886597, 1.3364028930664062, nan
1637886597, 1.0400238037109375, nan
1637886597, 0.769195556640625, nan
1637886597, 0.5239105224609375, nan
1637886598, 0.3680572509765625, nan
1637886598, 0.33484649658203125, nan
1637886598, 0.2479705810546875, nan
1637886598, 0.1943206787109375, nan
1637886598, 0.253082275390625, 15.578635215759277
1637886598, 0.21475982666015625, nan
1637886598, 0.2019805908203125, nan
1637886598, 0.35784149169921875, nan
1637886598, 0.6005630493164062, nan
1637886598, 0.8126296997070312, nan
1637886599, 1.0144729614257812, nan
1637886599, 1.2188720703125, nan
1637886599, 1.3977203369140625, nan
1637886599, 1.5331344604492188, nan
1637886599, 1.614898681640625, nan
1637886599, 1.688995361328125, nan
1637886599, 1.6685562133789062, nan
1637886599, 1.5919036865234375, nan
1637886599, 1.5178070068359375, nan
1637886599, 1.3364028930664062, nan
1637886600, 1.0195846557617188, nan
1637886600, 0.7410888671875, nan
1637886600, 0.5980072021484375, nan
1637886600, 0.49069976806640625, nan
1637886600, 0.36550140380859375, nan
1637886600, 0.27352142333984375, nan
1637886600, 0.24286651611328125, nan
1637886600, 0.2300872802734375, nan
1637886600, 0.20964813232421875, nan
1637886600, 0.18154144287109375, nan
1637886601, 0.1662139892578125, nan
1637886601, 0.12789154052734375, nan
1637886601, 0.05890655517578125, nan
1637886601, 0.06145477294921875, nan
1637886601, 0.1202239990234375, nan
1637886601, 0.14066314697265625, nan
1637886601, 0.11766815185546875, nan
1637886601, 0.1023406982421875, nan
1637886601, 0.16876983642578125, nan
1637886601, 0.26840972900390625, nan
1637886602, 0.43448638916015625, nan
1637886602, 0.7027664184570312, nan
1637886602, 0.8765029907226562, nan
1637886602, 0.8637313842773438, nan
1637886602, 0.9301605224609375, nan
1637886602, 1.1677703857421875, nan
1637886602, 1.448822021484375, nan
1637886602, 1.7273178100585938, nan
1637886602, 2.01092529296875, nan
1637886602, 2.2791976928710938, nan
1637886603, 2.2970809936523438, nan
1637886603, 2.000701904296875, nan
1637886603, 1.6123428344726562, nan
1637886603, 1.2699737548828125, nan
1637886603, 0.8841705322265625, nan
1637886603, 0.546905517578125, nan
1637886603, 0.40383148193359375, nan
1637886603, 0.29651641845703125, nan
1637886603, 0.16876983642578125, nan
1637886603, 0.0640106201171875, nan
1637886604, -0.058624267578125, nan
1637886604, -0.20937347412109375, nan
1637886604, -0.31923675537109375, nan
1637886604, -0.334564208984375, nan
1637886604, -0.326904296875, nan
1637886604, -0.34734344482421875, nan
1637886604, -0.372894287109375, nan
1637886604, -0.38055419921875, nan
1637886604, -0.41632843017578125, nan
1637886604, -0.46743011474609375, nan
1637886605, -0.42910003662109375, nan
1637886605, -0.28347015380859375, nan
1637886605, -0.06118011474609375, nan
1637886605, 0.19176483154296875, nan
1637886605, 0.4421539306640625, nan
1637886605, 0.7002105712890625, nan
1637886605, 0.9173812866210938, nan
1637886605, 1.063018798828125, nan
1637886605, 1.23675537109375, nan
1637886605, 1.4513778686523438, nan
1637886606, 1.5919036865234375, nan
1637886606, 1.551025390625, nan
1637886606, 1.3364028930664062, nan
1637886606, 1.0757904052734375, nan
1637886606, 0.7513046264648438, nan
1637886606, 0.42937469482421875, nan
1637886606, 0.253082275390625, nan
1637886606, 0.1483306884765625, nan
1637886606, 0.0563507080078125, nan
1637886606, -0.0356292724609375, nan
1637886607, -0.11228179931640625, nan
1637886607, -0.1838226318359375, nan
1637886607, -0.28347015380859375, nan
1637886607, -0.35245513916015625, nan
1637886607, -0.3626708984375, nan
1637886607, -0.36522674560546875, nan
1637886607, -0.3677825927734375, nan
1637886607, -0.3677825927734375, nan
1637886607, -0.38055419921875, nan
1637886607, -0.426544189453125, nan
1637886607, -0.48531341552734375, nan
1637886608, -0.46743011474609375, nan
1637886608, -0.33200836181640625, nan
1637886608, -0.13016510009765625, nan
1637886608, 0.09722900390625, 17.156862258911133
1637886608, 0.345062255859375, nan
1637886608, 0.6158905029296875, nan
1637886608, 0.8177413940429688, nan
1637886608, 0.9735946655273438, nan
1637886608, 1.1856613159179688, nan
1637886608, 1.4181594848632812, nan
1637886609, 1.5714645385742188, nan
1637886609, 1.6940994262695312, nan
1637886609, 1.7860794067382812, nan
1637886609, 1.6736602783203125, nan
1637886609, 1.3261795043945312, nan
1637886609, 0.971038818359375, nan
1637886609, 0.7666397094726562, nan
1637886609, 0.6261138916015625, nan
1637886609, 0.4600372314453125, nan
1637886609, 0.270965576171875, nan
1637886610, 0.1202239990234375, nan
1637886610, -0.0177459716796875, nan
1637886610, -0.15827178955078125, nan
1637886610, -0.23236846923828125, nan
1637886610, -0.26302337646484375, nan
1637886610, -0.280914306640625, nan
1637886610, -0.27324676513671875, nan
1637886610, -0.2298126220703125, nan
1637886610, -0.21448516845703125, nan
1637886610, -0.3115692138671875, nan
1637886611, -0.39844512939453125, nan
1637886611, -0.3958892822265625, nan
1637886611, -0.37033843994140625, nan
1637886611, -0.28857421875, nan
1637886611, -0.11228179931640625, nan
1637886611, 0.161102294921875, nan
1637886611, 0.45236968994140625, nan
1637886611, 0.6644363403320312, nan
1637886611, 0.8586196899414062, nan
1637886611, 1.1166763305664062, nan
1637886612, 1.3721694946289062, nan
1637886612, 1.5995712280273438, nan
1637886612, 1.8039703369140625, nan
1637886612, 1.9802627563476562, nan
1637886612, 1.982818603515625, nan
1637886612, 1.75286865234375, nan
1637886612, 1.45904541015625, nan
1637886612, 1.2061004638671875, nan
1637886612, 0.9735946655273438, nan
1637886612, 0.7462005615234375, nan
1637886613, 0.5545730590820312, nan
1637886613, 0.3501739501953125, nan
1637886613, 0.1483306884765625, nan
1637886613, 0.041015625, nan
1637886613, -0.00753021240234375, nan
1637886613, -0.05606842041015625, nan
1637886613, -0.1046142578125, nan
1637886613, -0.1429443359375, nan
1637886613, -0.16338348388671875, nan
1637886613, -0.22214508056640625, nan
1637886614, -0.3039093017578125, nan
1637886614, -0.32434844970703125, nan
1637886614, -0.3115692138671875, nan
1637886614, -0.3115692138671875, nan
1637886614, -0.32434844970703125, nan
1637886614, -0.33712005615234375, nan
1637886614, -0.33200836181640625, nan
1637886614, -0.2936859130859375, nan
1637886614, -0.25536346435546875, nan
1637886614, -0.14038848876953125, nan
1637886615, 0.1151123046875, nan
1637886615, 0.408935546875, nan
1637886615, 0.6925430297851562, nan
1637886615, 0.9608154296875, nan
1637886615, 1.2316513061523438, nan
1637886615, 1.5024795532226562, nan
1637886615, 1.6711044311523438, nan
1637886615, 1.7911911010742188, nan
1637886615, 1.8857269287109375, nan
1637886615, 1.7758636474609375, nan
1637886616, 1.4999237060546875, nan
1637886616, 1.2061004638671875, nan
1637886616, 0.953155517578125, nan
1637886616, 0.6925430297851562, nan
1637886616, 0.39360809326171875, nan
1637886616, 0.19176483154296875, nan
1637886616, 0.09467315673828125, nan
1637886616, 0.0103607177734375, nan
1637886616, -0.0739593505859375, nan
1637886616, -0.14804840087890625, nan
1637886617, -0.19403839111328125, nan
1637886617, -0.27324676513671875, nan
1637886617, -0.36011505126953125, nan
1637886617, -0.38311004638671875, nan
1637886617, -0.38311004638671875, nan
1637886617, -0.3856658935546875, nan
1637886617, -0.3958892822265625, nan
1637886617, -0.38822174072265625, nan
1637886617, -0.36522674560546875, nan
1637886617, -0.3958892822265625, nan
1637886618, -0.44698333740234375, nan
1637886618, -0.42910003662109375, nan
1637886618, -0.37033843994140625, nan
1637886618, -0.27835845947265625, 17.467248916625977
1637886618, -0.1429443359375, nan
1637886618, 0.041015625, nan
1637886618, 0.26840972900390625, nan
1637886618, 0.447265625, nan
1637886618, 0.5954513549804688, nan
1637886618, 0.815185546875, nan
1637886619, 1.0732345581054688, nan
1637886619, 1.3185195922851562, nan
1637886619, 1.5356903076171875, nan
1637886619, 1.7477569580078125, nan
1637886619, 1.9291610717773438, nan
1637886619, 1.8678436279296875, nan
1637886619, 1.5126953125, nan
1637886619, 1.1396713256835938, nan
1637886619, 0.8816146850585938, nan
1637886619, 0.6567764282226562, nan
1637886620, 0.42937469482421875, nan
1637886620, 0.24286651611328125, nan
1637886620, 0.11255645751953125, nan
1637886620, -0.03307342529296875, nan
1637886620, -0.18126678466796875, nan
1637886620, -0.2476959228515625, nan
1637886620, -0.26813507080078125, nan
1637886620, -0.298797607421875, nan
1637886620, -0.33200836181640625, nan
1637886620, -0.3498992919921875, nan
1637886621, -0.3575592041015625, nan
1637886621, -0.37799835205078125, nan
1637886621, -0.4418792724609375, nan
1637886621, -0.4955291748046875, nan
1637886621, -0.49042510986328125, nan
1637886621, -0.4725341796875, nan
1637886621, -0.42398834228515625, nan
1637886621, -0.28857421875, nan
1637886621, -0.05352020263671875, nan
1637886621, 0.2403106689453125, nan
1637886622, 0.47281646728515625, nan
1637886622, 0.6618804931640625, nan
1637886622, 0.925048828125, nan
1637886622, 1.2086563110351562, nan
1637886622, 1.4692611694335938, nan
1637886622, 1.7017669677734375, nan
1637886622, 1.9163894653320312, nan
1637886622, 2.074798583984375, nan
1637886622, 1.9521560668945312, nan
1637886622, 1.5612411499023438, nan
1637886623, 1.1856613159179688, nan
1637886623, 0.8841705322265625, nan
1637886623, 0.6158905029296875, nan
1637886623, 0.3859405517578125, nan
1637886623, 0.2019805908203125, nan
1637886623, 0.04868316650390625, nan
1637886623, -0.1199493408203125, nan
1637886623, -0.26302337646484375, nan
1637886623, -0.32946014404296875, nan
1637886623, -0.37545013427734375, nan
1637886624, -0.42144012451171875, nan
1637886624, -0.4495391845703125, nan
1637886624, -0.4418792724609375, nan
1637886624, -0.41888427734375, nan
1637886624, -0.3856658935546875, nan
1637886624, -0.224700927734375, nan
1637886624, 0.08190155029296875, nan
1637886624, 0.41149139404296875, nan
1637886624, 0.7155380249023438, nan
1637886624, 0.9940338134765625, nan
1637886625, 1.2699737548828125, nan
1637886625, 1.5305862426757812, nan
1637886625, 1.724761962890625, nan
1637886625, 1.8985061645507812, nan
1637886625, 2.092681884765625, nan
1637886625, 2.1463394165039062, nan
1637886625, 1.9393844604492188, nan
1637886625, 1.5995712280273438, nan
1637886625, 1.2878570556640625, nan
1637886625, 0.9505996704101562, nan
1637886626, 0.5928955078125, nan
1637886626, 0.3399505615234375, nan
1637886626, 0.189208984375, nan
1637886626, 0.069122314453125, nan
1637886626, -0.04840850830078125, nan
1637886626, -0.14804840087890625, nan
1637886626, -0.2195892333984375, nan
1637886626, -0.30135345458984375, nan
1637886626, -0.3856658935546875, nan
1637886626, -0.38055419921875, nan
1637886627, -0.23236846923828125, nan
1637886627, 0.0282440185546875, nan
1637886627, 0.345062255859375, nan
1637886627, 0.6669921875, nan
1637886627, 0.9787063598632812, nan
1637886627, 1.282745361328125, nan
1637886627, 1.4820404052734375, nan
1637886627, 1.6404495239257812, nan
1637886627, 1.86273193359375, nan
1637886627, 2.0671310424804688, nan
1637886628, 2.1769943237304688, nan
1637886628, 2.0799102783203125, nan
1637886628, 1.7758636474609375, nan
1637886628, 1.4334945678710938, 18.894332885742188
1637886628, 1.080902099609375, nan
1637886628, 0.7257614135742188, nan
1637886628, 0.47281646728515625, nan
1637886628, 0.30162811279296875, nan
1637886628, 0.1559906005859375, nan
1637886628, 0.0180206298828125, nan
1637886629, -0.1046142578125, nan
1637886629, -0.19659423828125, nan
1637886629, -0.26047515869140625, nan
1637886629, -0.3677825927734375, nan
1637886629, -0.4725341796875, nan
1637886629, -0.500640869140625, nan
1637886629, -0.5031967163085938, nan
1637886629, -0.482757568359375, nan
1637886629, -0.390777587890625, nan
1637886629, -0.14550018310546875, nan
1637886630, 0.21475982666015625, nan
1637886630, 0.5418014526367188, nan
1637886630, 0.815185546875, nan
1637886630, 1.12689208984375, nan
1637886630, 1.45904541015625, nan
1637886630, 1.7375411987304688, nan
1637886630, 1.9802627563476562, nan
1637886630, 2.1693344116210938, nan
1637886630, 2.2970809936523438, nan
1637886630, 2.202545166015625, nan
1637886631, 1.8474044799804688, nan
1637886631, 1.4871444702148438, nan
1637886631, 1.1984329223632812, nan
1637886631, 0.9327163696289062, nan
1637886631, 0.7078704833984375, nan
1637886631, 0.5264663696289062, nan
1637886631, 0.3399505615234375, nan
1637886631, 0.1483306884765625, nan
1637886631, 0.03591156005859375, nan
1637886631, -0.01007843017578125, nan
1637886632, -0.04329681396484375, nan
1637886632, -0.07651519775390625, nan
1637886632, -0.1097259521484375, nan
1637886632, -0.12505340576171875, nan
1637886632, -0.1735992431640625, nan
1637886632, -0.242584228515625, nan
1637886632, -0.25536346435546875, nan
1637886632, -0.24514007568359375, nan
1637886632, -0.2579193115234375, nan
1637886632, -0.280914306640625, nan
1637886633, -0.29624176025390625, nan
1637886633, -0.3115692138671875, nan
1637886633, -0.31923675537109375, nan
1637886633, -0.32946014404296875, nan
1637886633, -0.3677825927734375, nan
1637886633, -0.36522674560546875, nan
1637886633, -0.242584228515625, nan
1637886633, -0.02541351318359375, nan
1637886633, 0.22241973876953125, nan
1637886633, 0.46770477294921875, nan
1637886634, 0.7206497192382812, nan
1637886634, 0.9914779663085938, nan
1637886634, 1.229095458984375, nan
1637886634, 1.3926162719726562, nan
1637886634, 1.5816802978515625, nan
1637886634, 1.8116302490234375, nan
1637886634, 2.0083694458007812, nan
1637886634, 2.1131210327148438, nan
1637886634, 2.0211410522460938, nan
1637886634, 1.7452011108398438, nan
1637886635, 1.3875045776367188, nan
1637886635, 0.9787063598632812, nan
1637886635, 0.64910888671875, nan
1637886635, 0.45748138427734375, nan
1637886635, 0.3041839599609375, nan
1637886635, 0.15854644775390625, nan
1637886635, 0.041015625, nan
1637886635, -0.0458526611328125, nan
1637886635, -0.13527679443359375, nan
1637886635, -0.25025177001953125, nan
1637886636, -0.326904296875, nan
1637886636, -0.34478759765625, nan
1637886636, -0.36011505126953125, nan
1637886636, -0.38055419921875, nan
1637886636, -0.4035491943359375, nan
1637886636, -0.41888427734375, nan
1637886636, -0.43421173095703125, nan
1637886636, -0.48020172119140625, nan
1637886636, -0.5083084106445312, nan
1637886636, -0.43932342529296875, nan
1637886637, -0.27069091796875, nan
1637886637, -0.03052520751953125, nan
1637886637, 0.24541473388671875, nan
1637886637, 0.5366897583007812, nan
1637886637, 0.8305130004882812, nan
1637886637, 1.1141204833984375, nan
1637886637, 1.3006362915039062, nan
1637886637, 1.4794845581054688, nan
1637886637, 1.7273178100585938, nan
1637886637, 1.9700393676757812, nan
1637886638, 2.15655517578125, nan
1637886638, 2.2127685546875, nan
1637886638, 2.056915283203125, nan
1637886638, 1.6915512084960938, 18.698060989379883
1637886638, 1.2546463012695312, nan
1637886638, 0.9224929809570312, nan
1637886638, 0.7257614135742188, nan
1637886638, 0.5443496704101562, nan
1637886638, 0.34761810302734375, nan
1637886638, 0.18154144287109375, nan
1637886639, 0.06656646728515625, nan
1637886639, -0.05606842041015625, nan
1637886639, -0.188934326171875, nan
1637886639, -0.26047515869140625, nan
1637886639, -0.29113006591796875, nan
1637886639, -0.316680908203125, nan
1637886639, -0.34223175048828125, nan
1637886639, -0.3677825927734375, nan
1637886639, -0.390777587890625, nan
1637886639, -0.4035491943359375, nan
1637886640, -0.44698333740234375, nan
1637886640, -0.500640869140625, nan
1637886640, -0.5031967163085938, nan
1637886640, -0.49297332763671875, nan
1637886640, -0.4776458740234375, nan
1637886640, -0.41121673583984375, nan
1637886640, -0.224700927734375, nan
1637886640, 0.04868316650390625, nan
1637886640, 0.3680572509765625, nan
1637886640, 0.6158905029296875, nan
1637886641, 0.7947463989257812, nan
1637886641, 1.0093612670898438, nan
1637886641, 1.2546463012695312, nan
1637886641, 1.4999237060546875, nan
1637886641, 1.724761962890625, nan
1637886641, 1.9189453125, nan
1637886641, 2.018585205078125, nan
1637886641, 1.8295211791992188, nan
1637886641, 1.4411544799804688, nan
1637886641, 1.1320037841796875, nan
1637886642, 0.9276046752929688, nan
1637886642, 0.7283096313476562, nan
1637886642, 0.5034713745117188, nan
1637886642, 0.2939605712890625, nan
1637886642, 0.13043975830078125, nan
1637886642, -0.0458526611328125, nan
1637886642, -0.22214508056640625, nan
1637886642, -0.31412506103515625, nan
1637886642, -0.36522674560546875, nan
1637886642, -0.43421173095703125, nan
1637886643, -0.49042510986328125, nan
1637886643, -0.5083084106445312, nan
1637886643, -0.5108642578125, nan
1637886643, -0.518524169921875, nan
1637886643, -0.47509002685546875, nan
1637886643, -0.2655792236328125, nan
1637886643, 0.0563507080078125, nan
1637886643, 0.37572479248046875, nan
1637886643, 0.6695480346679688, nan
1637886643, 0.9403762817382812, nan
1637886644, 1.2265396118164062, nan
1637886644, 1.4539337158203125, nan
1637886644, 1.64300537109375, nan
1637886644, 1.8703994750976562, nan
1637886644, 2.0543594360351562, nan
1637886644, 2.0824661254882812, nan
1637886644, 1.8857269287109375, nan
1637886644, 1.60467529296875, nan
1637886644, 1.2853012084960938, nan
1637886644, 0.8713912963867188, nan
1637886645, 0.5188064575195312, nan
1637886645, 0.31439971923828125, nan
1637886645, 0.18154144287109375, nan
1637886645, 0.069122314453125, nan
1637886645, -0.05352020263671875, nan
1637886645, -0.14038848876953125, nan
1637886645, -0.23748016357421875, nan
1637886645, -0.36522674560546875, nan
1637886645, -0.43421173095703125, nan
1637886645, -0.4597625732421875, nan
1637886646, -0.49042510986328125, nan
1637886646, -0.5261917114257812, nan
1637886646, -0.5440750122070312, nan
1637886646, -0.5210800170898438, nan
1637886646, -0.42910003662109375, nan
1637886646, -0.2758026123046875, nan
1637886646, -0.0458526611328125, nan
1637886646, 0.26074981689453125, nan
1637886646, 0.5673446655273438, nan
1637886647, 0.8483963012695312, nan
1637886647, 1.1217803955078125, nan
1637886647, 1.3977203369140625, nan
1637886647, 1.6557769775390625, nan
1637886647, 1.8550643920898438, nan
1637886647, 1.9470443725585938, nan
1637886647, 2.0032577514648438, nan
1637886647, 1.982818603515625, nan
1637886647, 1.780975341796875, nan
1637886647, 1.4769287109375, nan
1637886647, 1.190765380859375, nan
1637886648, 0.953155517578125, nan
1637886648, 0.7385330200195312, nan
1637886648, 0.4779205322265625, nan
1637886648, 0.2403106689453125, 19.21708106994629
1637886648, 0.10744476318359375, nan
1637886648, 0.00780487060546875, nan
1637886648, -0.09439849853515625, nan
1637886648, -0.18126678466796875, nan
1637886648, -0.2528076171875, nan
1637886648, -0.30646514892578125, nan
1637886649, -0.35500335693359375, nan
1637886649, -0.42910003662109375, nan
1637886649, -0.48020172119140625, nan
1637886649, -0.48020172119140625, nan
1637886649, -0.46743011474609375, nan
1637886649, -0.4495391845703125, nan
1637886649, -0.372894287109375, nan
1637886649, -0.1838226318359375, nan
1637886649, 0.10489654541015625, nan
1637886650, 0.37572479248046875, nan
1637886650, 0.5903396606445312, nan
1637886650, 0.8407363891601562, nan
1637886650, 1.1166763305664062, nan
1637886650, 1.3619537353515625, nan
1637886650, 1.5867919921875, nan
1637886650, 1.7963027954101562, nan
1637886650, 1.9904861450195312, nan
1637886650, 2.04669189453125, nan
1637886650, 1.8652877807617188, nan
1637886651, 1.551025390625, nan
1637886651, 1.2546463012695312, nan
1637886651, 0.9838104248046875, nan
1637886651, 0.7283096313476562, nan
1637886651, 0.5239105224609375, nan
1637886651, 0.37061309814453125, nan
1637886651, 0.2019805908203125, nan
1637886651, 0.01291656494140625, nan
1637886651, -0.11739349365234375, nan
1637886651, -0.18637847900390625, nan
1637886652, -0.24002838134765625, nan
1637886652, -0.298797607421875, nan
1637886652, -0.35245513916015625, nan
1637886652, -0.390777587890625, nan
1637886652, -0.42910003662109375, nan
1637886652, -0.49297332763671875, nan
1637886652, -0.5389633178710938, nan
1637886652, -0.5313034057617188, nan
1637886652, -0.4776458740234375, nan
1637886652, -0.33200836181640625, nan
1637886653, -0.08928680419921875, nan
1637886653, 0.19942474365234375, nan
1637886653, 0.5239105224609375, nan
1637886653, 0.7896347045898438, nan
1637886653, 1.0119171142578125, nan
1637886653, 1.2955245971679688, nan
1637886653, 1.5791244506835938, nan
1637886653, 1.8141860961914062, nan
1637886653, 2.0083694458007812, nan
1637886653, 2.1539993286132812, nan
1637886654, 2.1003494262695312, nan
1637886654, 1.7452011108398438, nan
1637886654, 1.321075439453125, nan
1637886654, 1.01702880859375, nan
1637886654, 0.7742996215820312, nan
1637886654, 0.546905517578125, nan
1637886654, 0.345062255859375, nan
1637886654, 0.19687652587890625, nan
1637886654, 0.03845977783203125, nan
1637886654, -0.132720947265625, nan
1637886655, -0.2298126220703125, nan
1637886655, -0.26302337646484375, nan
1637886655, -0.30646514892578125, nan
1637886655, -0.36011505126953125, nan
1637886655, -0.39844512939453125, nan
1637886655, -0.4137725830078125, nan
1637886655, -0.44443511962890625, nan
1637886655, -0.5057525634765625, nan
1637886655, -0.5313034057617188, nan
1637886655, -0.5236358642578125, nan
1637886655, -0.5210800170898438, nan
1637886656, -0.5134201049804688, nan
1637886656, -0.44443511962890625, nan
1637886656, -0.2758026123046875, nan
1637886656, -0.03818511962890625, nan
1637886656, 0.16365814208984375, nan
1637886656, 0.3680572509765625, nan
1637886656, 0.6235580444335938, nan
1637886656, 0.879058837890625, nan
1637886656, 1.1243362426757812, nan
1637886656, 1.3645095825195312, nan
1637886657, 1.6021194458007812, nan
1637886657, 1.7579803466796875, nan
1637886657, 1.558685302734375, nan
1637886657, 1.137115478515625, nan
1637886657, 0.9020538330078125, nan
1637886657, 0.7921905517578125, nan
1637886657, 0.6695480346679688, nan
1637886657, 0.5699005126953125, nan
1637886657, 0.511138916015625, nan
1637886657, 0.43959808349609375, nan
1637886658, 0.2479705810546875, nan
1637886658, 0.02057647705078125, nan
1637886658, -0.11228179931640625, nan
1637886658, -0.20426177978515625, 18.763029098510742
1637886658, -0.28601837158203125, nan
1637886658, -0.35500335693359375, nan
1637886658, -0.4137725830078125, nan
1637886658, -0.45209503173828125, nan
1637886658, -0.4878692626953125, nan
1637886658, -0.5517425537109375, nan
1637886659, -0.592620849609375, nan
1637886659, -0.5900650024414062, nan
1637886659, -0.592620849609375, nan
1637886659, -0.6130599975585938, nan
1637886659, -0.6360549926757812, nan
1637886659, -0.6360549926757812, nan
1637886659, -0.6232833862304688, nan
1637886659, -0.6207275390625, nan
1637886659, -0.574737548828125, nan
1637886659, -0.3856658935546875, nan
1637886660, -0.11739349365234375, nan
1637886660, 0.143218994140625, nan
1637886660, 0.39105224609375, nan
1637886660, 0.6286697387695312, nan
1637886660, 0.8765029907226562, nan
1637886660, 1.1166763305664062, nan
1637886660, 1.29296875, nan
1637886660, 1.4743728637695312, nan
1637886660, 1.6966552734375, nan
1637886660, 1.8831710815429688, nan
1637886661, 1.9317169189453125, nan
1637886661, 1.7656402587890625, nan
1637886661, 1.4743728637695312, nan
1637886661, 1.1320037841796875, nan
1637886661, 0.7538604736328125, nan
1637886661, 0.46770477294921875, nan
1637886661, 0.3041839599609375, nan
1637886661, 0.17388153076171875, nan
1637886661, 0.05890655517578125, nan
1637886661, -0.03307342529296875, nan
1637886662, -0.09439849853515625, nan
1637886662, -0.1735992431640625, nan
1637886662, -0.27835845947265625, nan
1637886662, -0.33712005615234375, nan
1637886662, -0.3626708984375, nan
1637886662, -0.3856658935546875, nan
1637886662, -0.42144012451171875, nan
1637886662, -0.45465087890625, nan
1637886662, -0.46997833251953125, nan
1637886663, -0.4878692626953125, nan
1637886663, -0.5389633178710938, nan
1637886663, -0.5875091552734375, nan
1637886663, -0.5721817016601562, nan
1637886663, -0.518524169921875, nan
1637886663, -0.4137725830078125, nan
1637886663, -0.2195892333984375, nan
1637886663, 0.0461273193359375, nan
1637886663, 0.35272979736328125, nan
1637886663, 0.6363296508789062, nan
1637886664, 0.8713912963867188, nan
1637886664, 1.144775390625, nan
1637886664, 1.4641494750976562, nan
1637886664, 1.7605361938476562, nan
1637886664, 2.01092529296875, nan
1637886664, 2.2051010131835938, nan
1637886664, 2.2613143920898438, nan
1637886664, 1.9904861450195312, nan
1637886664, 1.5075912475585938, nan
1637886664, 1.1115646362304688, nan
1637886665, 0.8279571533203125, nan
1637886665, 0.585235595703125, nan
1637886665, 0.34250640869140625, nan
1637886665, 0.14577484130859375, nan
1637886665, 0.00780487060546875, nan
1637886665, -0.1429443359375, nan
1637886665, -0.28601837158203125, nan
1637886665, -0.372894287109375, nan
1637886665, -0.43421173095703125, nan
1637886665, -0.4878692626953125, nan
1637886666, -0.5313034057617188, nan
1637886666, -0.5542984008789062, nan
1637886666, -0.5670700073242188, nan
1637886666, -0.60284423828125, nan
1637886666, -0.6437225341796875, nan
1637886666, -0.63861083984375, nan
1637886666, -0.5951766967773438, nan
1637886666, -0.482757568359375, nan
1637886666, -0.27835845947265625, nan
1637886666, -0.004974365234375, nan
1637886667, 0.299072265625, nan
1637886667, 0.5928955078125, nan
1637886667, 0.8100738525390625, nan
1637886667, 1.0400238037109375, nan
1637886667, 1.3236312866210938, nan
1637886667, 1.5919036865234375, nan
1637886667, 1.8371810913085938, nan
1637886667, 2.0134811401367188, nan
1637886667, 2.0262527465820312, nan
1637886667, 1.7963027954101562, nan
1637886668, 1.3772811889648438, nan
1637886668, 0.9863662719726562, nan
1637886668, 0.7155380249023438, nan
1637886668, 0.4881439208984375, nan
1637886668, 0.27863311767578125, 18.404909133911133
1637886668, 0.10744476318359375, nan
1637886668, -0.01007843017578125, nan
1637886668, -0.11228179931640625, nan
1637886668, -0.22725677490234375, nan
1637886668, -0.26813507080078125, nan
1637886669, -0.21448516845703125, nan
1637886669, -0.12505340576171875, nan
1637886669, 0.03079986572265625, nan
1637886669, 0.15343475341796875, nan
1637886669, 0.253082275390625, nan
1637886669, 0.4600372314453125, nan
1637886669, 0.6797714233398438, nan
1637886669, 0.8816146850585938, nan
1637886669, 1.0706863403320312, nan
1637886669, 1.3006362915039062, nan
1637886670, 1.6404495239257812, nan
1637886670, 2.0339202880859375, nan
1637886670, 2.4631576538085938, nan
1637886670, 2.7237701416015625, nan
1637886670, 2.8234100341796875, nan
1637886670, 3.04058837890625, nan
1637886670, 3.270538330078125, nan
1637886670, 3.28076171875, nan
1637886670, 3.07635498046875, nan
1637886670, 2.7978668212890625, nan
1637886671, 2.4171676635742188, nan
1637886671, 1.9470443725585938, nan
1637886671, 1.5919036865234375, nan
1637886671, 1.374725341796875, nan
1637886671, 1.1984329223632812, nan
1637886671, 0.9991455078125, nan
1637886671, 0.8407363891601562, nan
1637886671, 0.7180938720703125, nan
1637886671, 0.5341339111328125, nan
1637886671, 0.39105224609375, nan
1637886672, 0.345062255859375, nan
1637886672, 0.34761810302734375, nan
1637886672, 0.38338470458984375, nan
1637886672, 0.42171478271484375, nan
1637886672, 0.5673446655273438, nan
1637886672, 0.7845230102539062, nan
1637886672, 1.0272445678710938, nan
1637886672, 1.356842041015625, nan
1637886672, 1.7273178100585938, nan
1637886672, 2.1003494262695312, nan
1637886673, 2.4503860473632812, nan
1637886673, 2.7799758911132812, nan
1637886673, 3.050811767578125, nan
1637886673, 3.1862258911132812, nan
1637886673, 3.2756500244140625, nan
1637886673, 3.29864501953125, nan
1637886673, 3.0584716796875, nan
1637886673, 2.6317901611328125, nan
1637886673, 2.2153244018554688, nan
1637886673, 1.9010543823242188, nan
1637886674, 1.60467529296875, nan
1637886674, 1.2520904541015625, nan
1637886674, 0.9991455078125, nan
1637886674, 0.8560638427734375, nan
1637886674, 0.712982177734375, nan
1637886674, 0.585235595703125, nan
1637886674, 0.4830322265625, nan
1637886674, 0.41149139404296875, nan
1637886674, 0.3501739501953125, nan
1637886674, 0.23775482177734375, nan
1637886675, 0.1559906005859375, nan
1637886675, 0.14577484130859375, nan
1637886675, 0.1483306884765625, nan
1637886675, 0.1559906005859375, nan
1637886675, 0.189208984375, nan
1637886675, 0.3322906494140625, nan
1637886675, 0.6235580444335938, nan
1637886675, 0.9352645874023438, nan
1637886675, 1.1779937744140625, nan
1637886675, 1.4718170166015625, nan
1637886676, 1.8039703369140625, nan
1637886676, 2.110565185546875, nan
1637886676, 2.3839492797851562, nan
1637886676, 2.626678466796875, nan
1637886676, 2.8438568115234375, nan
1637886676, 2.8642959594726562, nan
1637886676, 2.6241226196289062, nan
1637886676, 2.3021926879882812, nan
1637886676, 2.02880859375, nan
1637886676, 1.7605361938476562, nan
1637886677, 1.4718170166015625, nan
1637886677, 1.2214279174804688, nan
1637886677, 1.0374679565429688, nan
1637886677, 0.83306884765625, nan
1637886677, 0.6107864379882812, nan
1637886677, 0.49069976806640625, nan
1637886677, 0.4421539306640625, nan
1637886677, 0.39360809326171875, nan
1637886677, 0.33484649658203125, nan
1637886677, 0.28374481201171875, nan
1637886678, 0.2633056640625, nan
1637886678, 0.235198974609375, nan
1637886678, 0.1483306884765625, nan
1637886678, 0.09722900390625, nan
1637886678, 0.125335693359375, 18.67704200744629
1637886678, 0.16876983642578125, nan
1637886678, 0.22753143310546875, nan
1637886747, 1.8090744018554688, 20.297698974609375
1637886747, 1.3875045776367188, nan
1637886747, 1.20098876953125, nan
1637886747, 1.045135498046875, nan
1637886748, 0.8279571533203125, nan
1637886748, 0.6312255859375, nan
1637886748, 0.5034713745117188, nan
1637886748, 0.33484649658203125, nan
1637886748, 0.19942474365234375, nan
1637886748, 0.20964813232421875, nan
1637886748, 0.1943206787109375, nan
1637886748, 0.1151123046875, nan
1637886748, 0.08444976806640625, nan
1637886748, 0.1151123046875, nan
1637886749, 0.1662139892578125, nan
1637886749, 0.178985595703125, nan
1637886749, 0.25052642822265625, nan
1637886749, 0.47536468505859375, nan
1637886749, 0.77685546875, nan
1637886749, 1.1013412475585938, nan
1637886749, 1.4232711791992188, nan
1637886749, 1.7222061157226562, nan
1637886749, 2.0236968994140625, nan
1637886749, 2.2204360961914062, nan
1637886750, 2.2970809936523438, nan
1637886750, 2.4657135009765625, nan
1637886750, 2.6777801513671875, nan
1637886750, 2.6675567626953125, nan
1637886750, 2.3890609741210938, nan
1637886750, 2.0901260375976562, nan
1637886750, 1.8703994750976562, nan
1637886750, 1.4897003173828125, nan
1637886750, 1.0706863403320312, nan
1637886750, 0.8739471435546875, nan
1637886751, 0.7921905517578125, nan
1637886751, 0.6925430297851562, nan
1637886751, 0.529022216796875, nan
1637886751, 0.42682647705078125, nan
1637886751, 0.42682647705078125, nan
1637886751, 0.3220672607421875, nan
1637886751, 0.1559906005859375, nan
1637886751, 0.10744476318359375, nan
1637886751, 0.14577484130859375, nan
1637886751, 0.161102294921875, nan
1637886752, 0.13555145263671875, nan
1637886752, 0.24541473388671875, nan
1637886752, 0.5085830688476562, nan
1637886752, 0.7819671630859375, nan
1637886752, 1.0374679565429688, nan
1637886752, 1.3159637451171875, nan
1637886752, 1.6660003662109375, nan
1637886752, 2.000701904296875, nan
1637886752, 2.2255401611328125, nan
1637886752, 2.4580459594726562, nan
1637886753, 2.6496734619140625, nan
1637886753, 2.7595367431640625, nan
1637886753, 2.7646484375, nan
1637886753, 2.6113510131835938, nan
1637886753, 2.3430709838867188, nan
1637886753, 1.9674911499023438, nan
1637886753, 1.632781982421875, nan
1637886753, 1.3645095825195312, nan
1637886753, 1.1038970947265625, nan
1637886753, 0.8841705322265625, nan
1637886754, 0.730865478515625, nan
1637886754, 0.6465530395507812, nan
1637886754, 0.5443496704101562, nan
1637886754, 0.4140472412109375, nan
1637886754, 0.36550140380859375, nan
1637886754, 0.32973480224609375, nan
1637886754, 0.24541473388671875, nan
1637886754, 0.178985595703125, nan
1637886754, 0.15343475341796875, nan
1637886754, 0.15343475341796875, nan
1637886755, 0.1381072998046875, nan
1637886755, 0.13299560546875, nan
1637886755, 0.26586151123046875, nan
1637886755, 0.49069976806640625, nan
1637886755, 0.7002105712890625, nan
1637886755, 0.9608154296875, nan
1637886755, 1.2623062133789062, nan
1637886755, 1.56890869140625, nan
1637886755, 1.8499603271484375, nan
1637886755, 2.0850143432617188, nan
1637886756, 2.34051513671875, nan
1637886756, 2.6292343139648438, nan
1637886756, 2.8029708862304688, nan
1637886756, 2.8413009643554688, nan
1637886756, 2.7697601318359375, nan
1637886756, 2.5576934814453125, nan
1637886756, 2.2817535400390625, nan
1637886756, 1.9521560668945312, nan
1637886756, 1.6532211303710938, nan
1637886756, 1.4539337158203125, nan
1637886757, 1.1754379272460938, nan
1637886757, 0.8662796020507812, nan
1637886757, 0.695098876953125, nan
1637886757, 0.585235595703125, nan
1637886757, 0.5085830688476562, nan
1637886757, 0.42171478271484375, nan
1637886757, 0.31185150146484375, 19.85293960571289
1637886757, 0.28885650634765625, nan
1637886757, 0.25563812255859375, nan
1637886757, 0.1151123046875, nan
1637886758, 0.051239013671875, nan
1637886758, 0.10489654541015625, nan
1637886758, 0.143218994140625, nan
1637886758, 0.19687652587890625, nan
1637886758, 0.41149139404296875, nan
1637886758, 0.7742996215820312, nan
1637886758, 1.1141204833984375, nan
1637886758, 1.3082962036132812, nan
1637886758, 1.5484695434570312, nan
1637886758, 1.8857269287109375, nan
1637886759, 2.1335601806640625, nan
1637886759, 2.3737335205078125, nan
1637886759, 2.6854400634765625, nan
1637886759, 2.9460525512695312, nan
1637886759, 2.9409408569335938, nan
1637886759, 2.6650009155273438, nan
1637886759, 2.3660659790039062, nan
1637886759, 2.0620193481445312, nan
1637886759, 1.6864395141601562, nan
1637886759, 1.3798370361328125, nan
1637886760, 1.172882080078125, nan
1637886760, 0.9557113647460938, nan
1637886760, 0.6593246459960938, nan
1637886760, 0.47281646728515625, nan
1637886760, 0.42171478271484375, nan
1637886760, 0.31695556640625, nan
1637886760, 0.22753143310546875, nan
1637886760, 0.2300872802734375, nan
1637886760, 0.235198974609375, nan
1637886760, 0.14577484130859375, nan
1637886761, 0.03845977783203125, nan
1637886761, 0.02568817138671875, nan
1637886761, 0.0461273193359375, nan
1637886761, 0.0640106201171875, nan
1637886761, 0.23264312744140625, nan
1637886761, 0.55712890625, nan
1637886761, 0.8892745971679688, nan
1637886761, 1.1754379272460938, nan
1637886761, 1.4564895629882812, nan
1637886761, 1.8192977905273438, nan
1637886762, 2.1284561157226562, nan
1637886762, 2.3660659790039062, nan
1637886762, 2.6879959106445312, nan
1637886762, 2.9613800048828125, nan
1637886762, 3.1121292114257812, nan
1637886762, 3.0252609252929688, nan
1637886762, 2.7109909057617188, nan
1637886762, 2.3635101318359375, nan
1637886762, 2.0518035888671875, nan
1637886762, 1.7860794067382812, nan
1637886763, 1.5305862426757812, nan
1637886763, 1.29296875, nan
1637886763, 1.034912109375, nan
1637886763, 0.7615280151367188, nan
1637886763, 0.6056747436523438, nan
1637886763, 0.5520172119140625, nan
1637886763, 0.43959808349609375, nan
1637886763, 0.270965576171875, nan
1637886763, 0.17388153076171875, nan
1637886763, 0.17642974853515625, nan
1637886764, 0.15088653564453125, nan
1637886764, 0.10489654541015625, nan
1637886764, 0.17132568359375, nan
1637886764, 0.34250640869140625, nan
1637886764, 0.6312255859375, nan
1637886764, 0.9863662719726562, nan
1637886764, 1.3491744995117188, nan
1637886764, 1.7222061157226562, nan
1637886764, 1.93682861328125, nan
1637886764, 2.1054611206054688, nan
1637886765, 2.4120559692382812, nan
1637886765, 2.7109909057617188, nan
1637886765, 2.93072509765625, nan
1637886765, 3.0559158325195312, nan
1637886765, 3.050811767578125, nan
1637886765, 2.846405029296875, nan
1637886765, 2.4401626586914062, nan
1637886765, 2.074798583984375, nan
1637886765, 1.8320693969726562, nan
1637886765, 1.558685302734375, nan
1637886766, 1.2623062133789062, nan
1637886766, 1.0272445678710938, nan
1637886766, 0.8509521484375, nan
1637886766, 0.6133346557617188, nan
1637886766, 0.38083648681640625, nan
1637886766, 0.2760772705078125, nan
1637886766, 0.22241973876953125, nan
1637886766, 0.20964813232421875, nan
1637886766, 0.20453643798828125, nan
1637886766, 0.1840972900390625, nan
1637886767, 0.22753143310546875, nan
1637886767, 0.189208984375, nan
1637886767, 0.1381072998046875, nan
1637886767, 0.362945556640625, nan
1637886767, 0.8024063110351562, nan
1637886767, 1.2035446166992188, nan
1637886767, 1.5075912475585938, 19.985197067260742
1637886767, 1.9240493774414062, nan
1637886767, 2.2791976928710938, nan
1637886767, 2.37884521484375, nan
1637886768, 2.5755767822265625, nan
1637886768, 2.912841796875, nan
1637886768, 3.1070175170898438, nan
1637886768, 3.1478958129882812, nan
1637886768, 3.0533599853515625, nan
1637886768, 2.70843505859375, nan
1637886768, 2.1310043334960938, nan
1637886768, 1.7094345092773438, nan
1637886768, 1.5459136962890625, nan
1637886768, 1.3185195922851562, nan
1637886769, 1.0246963500976562, nan
1637886769, 0.8739471435546875, nan
1637886769, 0.787078857421875, nan
1637886769, 0.5443496704101562, nan
1637886769, 0.327178955078125, nan
1637886769, 0.31185150146484375, nan
1637886769, 0.29140472412109375, nan
1637886769, 0.1943206787109375, nan
1637886769, 0.1483306884765625, nan
1637886769, 0.19176483154296875, nan
1637886770, 0.2249755859375, nan
1637886770, 0.16876983642578125, nan
1637886770, 0.217315673828125, nan
1637886770, 0.5622406005859375, nan
1637886770, 1.0119171142578125, nan
1637886770, 1.356842041015625, nan
1637886770, 1.632781982421875, nan
1637886770, 1.9930343627929688, nan
1637886770, 2.4120559692382812, nan
1637886770, 2.6036834716796875, nan
1637886771, 2.6573410034179688, nan
1637886771, 2.8898468017578125, nan
1637886771, 3.0993499755859375, nan
1637886771, 2.9332809448242188, nan
1637886771, 2.5295867919921875, nan
1637886771, 2.2255401611328125, nan
1637886771, 2.000701904296875, nan
1637886771, 1.5893478393554688, nan
1637886771, 1.137115478515625, nan
1637886771, 0.9046096801757812, nan
1637886772, 0.7717514038085938, nan
1637886772, 0.6261138916015625, nan
1637886772, 0.45748138427734375, nan
1637886772, 0.38083648681640625, nan
1637886772, 0.327178955078125, nan
1637886772, 0.161102294921875, nan
1637886772, 0.04357147216796875, nan
1637886772, 0.069122314453125, nan
1637886772, 0.1202239990234375, nan
1637886772, 0.161102294921875, nan
1637886773, 0.309295654296875, nan
1637886773, 0.6363296508789062, nan
1637886773, 0.988922119140625, nan
1637886773, 1.1984329223632812, nan
1637886773, 1.4334945678710938, nan
1637886773, 1.816741943359375, nan
1637886773, 2.1616668701171875, nan
1637886773, 2.396728515625, nan
1637886773, 2.59857177734375, nan
1637886773, 2.8310775756835938, nan
1637886774, 2.89239501953125, nan
1637886774, 2.5653610229492188, nan
1637886774, 2.1693344116210938, nan
1637886774, 1.9598236083984375, nan
1637886774, 1.7273178100585938, nan
1637886774, 1.40283203125, nan
1637886774, 1.12689208984375, nan
1637886774, 1.0042495727539062, nan
1637886774, 0.8279571533203125, nan
1637886774, 0.53924560546875, nan
1637886775, 0.38338470458984375, nan
1637886775, 0.3731689453125, nan
1637886775, 0.32973480224609375, nan
1637886775, 0.20709228515625, nan
1637886775, 0.14066314697265625, nan
1637886775, 0.189208984375, nan
1637886775, 0.1662139892578125, nan
1637886775, 0.08956146240234375, nan
1637886775, 0.22241973876953125, nan
1637886775, 0.5775680541992188, nan
1637886776, 0.9582595825195312, nan
1637886776, 1.282745361328125, nan
1637886776, 1.650665283203125, nan
1637886776, 2.3532943725585938, nan
1637886776, 3.7943115234375, nan
1637886776, 4.532707214355469, nan
1637886776, 2.994598388671875, nan
1637886776, 1.045135498046875, nan
1637886776, 0.22241973876953125, nan
1637886776, -0.16082763671875, nan
1637886777, -0.45465087890625, nan
1637886777, -0.5134201049804688, nan
1637886777, -0.38311004638671875, nan
1637886777, -0.18637847900390625, nan
1637886777, -0.06118011474609375, nan
1637886777, -0.132720947265625, nan
1637886777, -0.31412506103515625, 20.579267501831055
1637886777, -0.40099334716796875, nan
1637886777, -0.45209503173828125, nan
1637886777, -0.5108642578125, nan
1637886778, -0.5134201049804688, nan
1637886778, -0.48020172119140625, nan
1637886778, -0.49042510986328125, nan
1637886778, -0.5594100952148438, nan
1637886778, -0.60284423828125, nan
1637886778, -0.6411666870117188, nan
1637886778, -0.71270751953125, nan
1637886778, -0.8174591064453125, nan
1637886778, -0.8481216430664062, nan
1637886778, -0.7178192138671875, nan
1637886779, -0.5236358642578125, nan
1637886779, -0.32946014404296875, nan
1637886779, -0.11739349365234375, nan
1637886779, 0.0742340087890625, nan
1637886779, 0.17642974853515625, nan
1637886779, 0.28374481201171875, nan
1637886779, 0.46770477294921875, nan
1637886779, 0.6542205810546875, nan
1637886779, 0.7947463989257812, nan
1637886779, 0.896942138671875, nan
1637886780, 0.94293212890625, nan
1637886780, 0.8586196899414062, nan
1637886780, 0.7283096313476562, nan
1637886780, 0.5877914428710938, nan
1637886780, 0.408935546875, nan
1637886780, 0.24286651611328125, nan
1637886780, 0.10489654541015625, nan
1637886780, 0.00269317626953125, nan
1637886780, -0.132720947265625, nan
1637886780, -0.24514007568359375, nan
1637886781, -0.26813507080078125, nan
1637886781, -0.2758026123046875, nan
1637886781, -0.28601837158203125, nan
1637886781, -0.30135345458984375, nan
1637886781, -0.32946014404296875, nan
1637886781, -0.3217926025390625, nan
1637886781, -0.33200836181640625, nan
1637886781, -0.31412506103515625, nan
1637886781, -0.1787109375, nan
1637886781, -0.00753021240234375, nan
1637886782, 0.06656646728515625, nan
1637886782, 0.0742340087890625, nan
1637886782, 0.21475982666015625, nan
1637886782, 0.4702606201171875, nan
1637886782, 0.6695480346679688, nan
1637886782, 0.7921905517578125, nan
1637886782, 0.9557113647460938, nan
1637886782, 0.9914779663085938, nan
1637886782, 0.8637313842773438, nan
1637886782, 0.6516647338867188, nan
1637886783, 0.454925537109375, nan
1637886783, 0.27863311767578125, nan
1637886783, 0.13043975830078125, nan
1637886783, 0.01546478271484375, nan
1637886783, -0.07906341552734375, nan
1637886783, -0.12250518798828125, nan
1637886783, -0.1787109375, nan
1637886783, -0.298797607421875, nan
1637886783, -0.4316558837890625, nan
1637886783, -0.482757568359375, nan
1637886784, -0.518524169921875, nan
1637886784, -0.5875091552734375, nan
1637886784, -0.5977325439453125, nan
1637886784, -0.5721817016601562, nan
1637886784, -0.5772933959960938, nan
1637886784, -0.610504150390625, nan
1637886784, -0.5491867065429688, nan
1637886784, -0.3498992919921875, nan
1637886784, -0.14550018310546875, nan
1637886784, 0.033355712890625, nan
1637886785, 0.2300872802734375, nan
1637886785, 0.45236968994140625, nan
1637886785, 0.5622406005859375, nan
1637886785, 0.6312255859375, nan
1637886785, 0.7921905517578125, nan
1637886785, 0.9097213745117188, nan
1637886785, 0.8458404541015625, nan
1637886785, 0.6746597290039062, nan
1637886785, 0.5494613647460938, nan
1637886785, 0.35528564453125, nan
1637886786, 0.079345703125, nan
1637886786, -0.07140350341796875, nan
1637886786, -0.11228179931640625, nan
1637886786, -0.1787109375, nan
1637886786, -0.30135345458984375, nan
1637886786, -0.37545013427734375, nan
1637886786, -0.36011505126953125, nan
1637886786, -0.40610504150390625, nan
1637886786, -0.47509002685546875, nan
1637886786, -0.464874267578125, nan
1637886787, -0.47509002685546875, nan
1637886787, -0.5364151000976562, nan
1637886787, -0.5824050903320312, nan
1637886787, -0.574737548828125, nan
1637886787, -0.482757568359375, nan
1637886787, -0.36011505126953125, nan
1637886787, -0.23492431640625, 21.00349998474121
1637886787, -0.040740966796875, nan
1637886787, 0.22241973876953125, nan
1637886787, 0.49835968017578125, nan
1637886788, 0.7053146362304688, nan
1637886788, 0.8943862915039062, nan
1637886788, 1.1038970947265625, nan
1637886788, 1.27508544921875, nan
1637886788, 1.3875045776367188, nan
1637886788, 1.3798370361328125, nan
1637886788, 1.2265396118164062, nan
1637886788, 1.006805419921875, nan
1637886788, 0.72320556640625, nan
1637886788, 0.437042236328125, nan
1637886789, 0.22753143310546875, nan
1637886789, 0.07678985595703125, nan
1637886789, -0.08673095703125, nan
1637886789, -0.21448516845703125, nan
1637886789, -0.22214508056640625, nan
1637886789, -0.224700927734375, nan
1637886789, -0.30135345458984375, nan
1637886789, -0.42144012451171875, nan
1637886789, -0.5083084106445312, nan
1637886789, -0.5491867065429688, nan
1637886790, -0.5977325439453125, nan
1637886790, -0.6207275390625, nan
1637886790, -0.6232833862304688, nan
1637886790, -0.6130599975585938, nan
1637886790, -0.5772933959960938, nan
1637886790, -0.6130599975585938, nan
1637886790, -0.6411666870117188, nan
1637886790, -0.48531341552734375, nan
1637886790, -0.2579193115234375, nan
1637886790, -0.0816192626953125, nan
1637886791, 0.14066314697265625, nan
1637886791, 0.419158935546875, nan
1637886791, 0.6312255859375, nan
1637886791, 0.75897216796875, nan
1637886791, 0.8918304443359375, nan
1637886791, 1.006805419921875, nan
1637886791, 1.1294479370117188, nan
1637886791, 1.23675537109375, nan
1637886791, 1.1601104736328125, nan
1637886797, -0.18637847900390625, 21.95121955871582
1637886797, 0.0563507080078125, nan
1637886797, 0.2760772705078125, nan
1637886797, 0.47281646728515625, nan
1637886797, 0.677215576171875, nan
1637886797, 0.8739471435546875, nan
1637886797, 0.9838104248046875, nan
1637886797, 1.0553512573242188, nan
1637886797, 1.063018798828125, nan
1637886797, 0.914825439453125, nan
1637886798, 0.677215576171875, nan
1637886798, 0.43448638916015625, nan
1637886798, 0.217315673828125, nan
1637886798, -0.02030181884765625, nan
1637886798, -0.22214508056640625, nan
1637886798, -0.33200836181640625, nan
1637886798, -0.43932342529296875, nan
1637886798, -0.5389633178710938, nan
1637886798, -0.610504150390625, nan
1637886798, -0.6360549926757812, nan
1637886799, -0.6360549926757812, nan
1637886799, -0.7075958251953125, nan
1637886799, -0.7919082641601562, nan
1637886799, -0.776580810546875, nan
1637886799, -0.7433700561523438, nan
1637886799, -0.7638092041015625, nan
1637886799, -0.78680419921875, nan
1637886799, -0.7331466674804688, nan
1637886799, -0.6207275390625, nan
1637886799, -0.5210800170898438, nan
1637886800, -0.37799835205078125, nan
1637886800, -0.11228179931640625, nan
1637886800, 0.1483306884765625, nan
1637886800, 0.3220672607421875, nan
1637886800, 0.5188064575195312, nan
1637886800, 0.7845230102539062, nan
1637886800, 0.9965896606445312, nan
1637886800, 1.098785400390625, nan
1637886800, 1.1882095336914062, nan
1637886800, 1.2444229125976562, nan
1637886801, 1.1038970947265625, nan
1637886801, 0.804962158203125, nan
1637886801, 0.49581146240234375, nan
1637886801, 0.2760772705078125, nan
1637886801, 0.06145477294921875, nan
1637886801, -0.19659423828125, nan
1637886801, -0.34478759765625, nan
1637886801, -0.3958892822265625, nan
1637886801, -0.49297332763671875, nan
1637886801, -0.6079483032226562, nan
1637886802, -0.6411666870117188, nan
1637886802, -0.6334991455078125, nan
1637886802, -0.7050399780273438, nan
1637886802, -0.776580810546875, nan
1637886802, -0.740814208984375, nan
1637886802, -0.6718292236328125, nan
1637886802, -0.6641616821289062, nan
1637886802, -0.6590499877929688, nan
1637886802, -0.5261917114257812, nan
1637886802, -0.298797607421875, nan
1637886803, -0.08673095703125, nan
1637886803, 0.1559906005859375, nan
1637886803, 0.44982147216796875, nan
1637886803, 0.6669921875, nan
1637886803, 0.8483963012695312, nan
1637886803, 1.0681304931640625, nan
1637886803, 1.2955245971679688, nan
1637886803, 1.3926162719726562, nan
1637886803, 1.3619537353515625, nan
1637886803, 1.2163162231445312, nan
1637886804, 0.9378204345703125, nan
1637886804, 0.6261138916015625, nan
1637886804, 0.39871978759765625, nan
1637886804, 0.23775482177734375, nan
1637886804, -0.02030181884765625, nan
1637886804, -0.21448516845703125, nan
1637886804, -0.20426177978515625, nan
1637886804, -0.19659423828125, nan
1637886804, -0.2195892333984375, nan
1637886804, -0.15827178955078125, nan
1637886805, -0.06118011474609375, nan
1637886805, 0.07678985595703125, nan
1637886805, 0.189208984375, nan
1637886805, 0.28118896484375, nan
1637886805, 0.5239105224609375, nan
1637886805, 0.8739471435546875, nan
1637886805, 1.1856613159179688, nan
1637886805, 1.374725341796875, nan
1637886805, 1.5024795532226562, nan
1637886805, 1.540802001953125, nan
1637886806, 1.5254745483398438, nan
1637886806, 1.4871444702148438, nan
1637886806, 1.264862060546875, nan
1637886806, 0.9684829711914062, nan
1637886806, 0.7155380249023438, nan
1637886806, 0.5136947631835938, nan
1637886806, 0.29651641845703125, nan
1637886806, 0.11766815185546875, nan
1637886806, 0.05379486083984375, nan
1637886806, 0.0001373291015625, nan
1637886807, -0.09951019287109375, 20.86553382873535
1637886807, -0.20426177978515625, nan
1637886807, -0.28857421875, nan
1637886807, -0.35245513916015625, nan
1637886807, -0.4418792724609375, nan
1637886807, -0.518524169921875, nan
1637886807, -0.5364151000976562, nan
1637886807, -0.5491867065429688, nan
1637886807, -0.5619583129882812, nan
1637886807, -0.574737548828125, nan
1637886808, -0.5721817016601562, nan
1637886808, -0.546630859375, nan
1637886808, -0.5364151000976562, nan
1637886808, -0.48020172119140625, nan
1637886808, -0.326904296875, nan
1637886808, -0.12250518798828125, nan
1637886808, 0.1151123046875, nan
1637886808, 0.408935546875, nan
1637886808, 0.5801239013671875, nan
1637886808, 0.53924560546875, nan
1637886809, 0.5239105224609375, nan
1637886809, 0.6082305908203125, nan
1637886809, 0.8177413940429688, nan
1637886809, 1.0936813354492188, nan
1637886809, 1.1779937744140625, nan
1637886809, 1.0119171142578125, nan
1637886809, 0.7640838623046875, nan
1637886809, 0.5647964477539062, nan
1637886809, 0.41149139404296875, nan
1637886809, 0.217315673828125, nan
1637886810, 0.00780487060546875, nan
1637886810, -0.1046142578125, nan
1637886810, -0.1735992431640625, nan
1637886810, -0.24514007568359375, nan
1637886810, -0.30901336669921875, nan
1637886810, -0.3575592041015625, nan
1637886810, -0.38055419921875, nan
1637886810, -0.43421173095703125, nan
1637886810, -0.5108642578125, nan
1637886810, -0.5415191650390625, nan
1637886811, -0.5491867065429688, nan
1637886811, -0.5594100952148438, nan
1637886811, -0.5772933959960938, nan
1637886811, -0.5977325439453125, nan
1637886811, -0.6079483032226562, nan
1637886811, -0.6207275390625, nan
1637886811, -0.6641616821289062, nan
1637886811, -0.6973800659179688, nan
1637886811, -0.684600830078125, nan
1637886811, -0.656494140625, nan
1637886812, -0.6054000854492188, nan
1637886812, -0.5057525634765625, nan
1637886812, -0.34734344482421875, nan
1637886812, -0.14550018310546875, nan
1637886812, 0.041015625, nan
1637886812, 0.1662139892578125, nan
1637886812, 0.3041839599609375, nan
1637886812, 0.48558807373046875, nan
1637886812, 0.6542205810546875, nan
1637886812, 0.804962158203125, nan
1637886813, 0.94293212890625, nan
1637886813, 1.0757904052734375, nan
1637886813, 1.1498870849609375, nan
1637886813, 1.01702880859375, nan
1637886813, 0.75897216796875, nan
1637886813, 0.55712890625, nan
1637886813, 0.3961639404296875, nan
1637886813, 0.24541473388671875, nan
1637886813, 0.1023406982421875, nan
1637886813, -0.00753021240234375, nan
1637886814, -0.08928680419921875, nan
1637886814, -0.2119293212890625, nan
1637886814, -0.32946014404296875, nan
1637886814, -0.3856658935546875, nan
1637886814, -0.42398834228515625, nan
1637886814, -0.46743011474609375, nan
1637886814, -0.5108642578125, nan
1637886814, -0.5415191650390625, nan
1637886814, -0.56451416015625, nan
1637886814, -0.60284423828125, nan
1637886815, -0.656494140625, nan
1637886815, -0.666717529296875, nan
1637886815, -0.648834228515625, nan
1637886815, -0.6411666870117188, nan
1637886815, -0.63861083984375, nan
1637886815, -0.610504150390625, nan
1637886815, -0.5057525634765625, nan
1637886815, -0.35245513916015625, nan
1637886815, -0.21703338623046875, nan
1637886815, -0.05606842041015625, nan
1637886816, 0.14577484130859375, nan
1637886816, 0.3501739501953125, nan
1637886816, 0.5418014526367188, nan
1637886816, 0.72320556640625, nan
1637886816, 0.9199371337890625, nan
1637886816, 1.0553512573242188, nan
1637886816, 1.1038970947265625, nan
1637886816, 1.1294479370117188, nan
1637886816, 1.05279541015625, nan
1637886816, 0.8407363891601562, nan
1637886817, 0.5928955078125, 19.12181282043457
1637886817, 0.39360809326171875, nan
1637886817, 0.2300872802734375, nan
1637886817, 0.04357147216796875, nan
1637886817, -0.09951019287109375, nan
1637886817, -0.1838226318359375, nan
1637886817, -0.3039093017578125, nan
1637886817, -0.41121673583984375, nan
1637886817, -0.4776458740234375, nan
1637886817, -0.5210800170898438, nan
1637886818, -0.56451416015625, nan
1637886818, -0.6283950805664062, nan
1637886818, -0.6641616821289062, nan
1637886818, -0.666717529296875, nan
1637886818, -0.666717529296875, nan
1637886818, -0.6718292236328125, nan
1637886818, -0.6718292236328125, nan
1637886818, -0.6437225341796875, nan
1637886818, -0.574737548828125, nan
1637886818, -0.5108642578125, nan
1637886819, -0.4137725830078125, nan
1637886819, -0.2298126220703125, nan
1637886819, -0.02030181884765625, nan
1637886819, 0.1840972900390625, nan
1637886819, 0.3961639404296875, nan
1637886819, 0.5980072021484375, nan
1637886819, 0.75897216796875, nan
1637886819, 0.9046096801757812, nan
1637886819, 1.0374679565429688, nan
1637886819, 1.1524429321289062, nan
1637886820, 1.1805496215820312, nan
1637886820, 1.0476913452148438, nan
1637886820, 0.7947463989257812, nan
1637886820, 0.5162506103515625, nan
1637886820, 0.3322906494140625, nan
1637886820, 0.19176483154296875, nan
1637886820, -0.0458526611328125, nan
1637886820, -0.2298126220703125, nan
1637886820, -0.27835845947265625, nan
1637886820, -0.34734344482421875, nan
1637886821, -0.4495391845703125, nan
1637886821, -0.5031967163085938, nan
1637886821, -0.5338592529296875, nan
1637886821, -0.5824050903320312, nan
1637886821, -0.6411666870117188, nan
1637886821, -0.6641616821289062, nan
1637886821, -0.6820449829101562, nan
1637886821, -0.7050399780273438, nan
1637886821, -0.6897125244140625, nan
1637886821, -0.6820449829101562, nan
1637886822, -0.7075958251953125, nan
1637886822, -0.6794891357421875, nan
1637886822, -0.546630859375, nan
1637886822, -0.39333343505859375, nan
1637886822, -0.22725677490234375, nan
1637886822, 0.00780487060546875, nan
1637886822, 0.22241973876953125, nan
1637886822, 0.39105224609375, nan
1637886822, 0.5826797485351562, nan
1637886822, 0.8024063110351562, nan
1637886823, 1.0093612670898438, nan
1637886823, 1.190765380859375, nan
1637886823, 1.2955245971679688, nan
1637886823, 1.3466262817382812, nan
1637886823, 1.3670654296875, nan
1637886823, 1.2776412963867188, nan
1637886823, 1.0502395629882812, nan
1637886823, 0.7487564086914062, nan
1637886823, 0.5136947631835938, nan
1637886823, 0.35272979736328125, nan
1637886824, 0.13043975830078125, nan
1637886824, -0.0918426513671875, nan
1637886824, -0.224700927734375, nan
1637886824, -0.316680908203125, nan
1637886824, -0.39844512939453125, nan
1637886824, -0.4725341796875, nan
1637886824, -0.518524169921875, nan
1637886824, -0.4955291748046875, nan
1637886824, -0.48020172119140625, nan
1637886824, -0.5542984008789062, nan
1637886825, -0.6309432983398438, nan
1637886825, -0.6437225341796875, nan
1637886825, -0.6309432983398438, nan
1637886825, -0.610504150390625, nan
1637886825, -0.5108642578125, nan
1637886825, -0.2936859130859375, nan
1637886825, -0.12250518798828125, nan
1637886825, -0.03818511962890625, nan
1637886825, 0.10489654541015625, nan
1637886825, 0.29140472412109375, nan
1637886826, 0.4881439208984375, nan
1637886826, 0.7078704833984375, nan
1637886826, 0.9276046752929688, nan
1637886826, 1.0706863403320312, nan
1637886826, 1.12689208984375, nan
1637886826, 1.1166763305664062, nan
1637886826, 1.080902099609375, nan
1637886826, 1.01702880859375, nan
1637886826, 0.8841705322265625, nan
1637886826, 0.6337814331054688, nan
1637886827, 0.35784149169921875, 18.841590881347656
1637886827, 0.1662139892578125, nan
1637886827, -0.004974365234375, nan
1637886827, -0.20426177978515625, nan
1637886827, -0.31923675537109375, nan
1637886827, -0.35500335693359375, nan
1637886827, -0.426544189453125, nan
1637886827, -0.5031967163085938, nan
1637886827, -0.5338592529296875, nan
1637886827, -0.5517425537109375, nan
1637886828, -0.5542984008789062, nan
1637886828, -0.5619583129882812, nan
1637886828, -0.6002883911132812, nan
1637886828, -0.6309432983398438, nan
1637886828, -0.63861083984375, nan
1637886828, -0.6360549926757812, nan
1637886828, -0.5977325439453125, nan
1637886828, -0.45465087890625, nan
1637886828, -0.2119293212890625, nan
1637886828, 0.04868316650390625, nan
1637886829, 0.19176483154296875, nan
1637886829, 0.2863006591796875, nan
1637886829, 0.46259307861328125, nan
1637886829, 0.6618804931640625, nan
1637886829, 0.8713912963867188, nan
1637886829, 1.1166763305664062, nan
1637886829, 1.356842041015625, nan
1637886829, 1.5203628540039062, nan
1637886829, 1.5254745483398438, nan
1637886829, 1.338958740234375, nan
1637886830, 1.0706863403320312, nan
1637886830, 0.8279571533203125, nan
1637886830, 0.5775680541992188, nan
1637886830, 0.30673980712890625, nan
1637886830, 0.10744476318359375, nan
1637886830, 0.00269317626953125, nan
1637886830, -0.16849517822265625, nan
1637886830, -0.34478759765625, nan
1637886830, -0.390777587890625, nan
1637886830, -0.45720672607421875, nan
1637886831, -0.5364151000976562, nan
1637886831, -0.5389633178710938, nan
1637886831, -0.5594100952148438, nan
1637886831, -0.546630859375, nan
1637886831, -0.4418792724609375, nan
1637886831, -0.2758026123046875, nan
1637886831, -0.03052520751953125, nan
1637886831, 0.28374481201171875, nan
1637886831, 0.6312255859375, nan
1637886831, 0.8816146850585938, nan
1637886832, 1.1141204833984375, nan
1637886832, 1.3491744995117188, nan
1637886832, 1.4871444702148438, nan
1637886832, 1.6174545288085938, nan
1637886832, 1.688995361328125, nan
1637886832, 1.6276702880859375, nan
1637886832, 1.4564895629882812, nan
1637886832, 1.1882095336914062, nan
1637886832, 0.9301605224609375, nan
1637886832, 0.7078704833984375, nan
1637886833, 0.5418014526367188, nan
1637886833, 0.41660308837890625, nan
1637886833, 0.28885650634765625, nan
1637886833, 0.161102294921875, nan
1637886833, 0.01546478271484375, nan
1637886833, -0.10205841064453125, nan
1637886833, -0.23748016357421875, nan
1637886833, -0.37799835205078125, nan
1637886833, -0.44698333740234375, nan
1637886833, -0.482757568359375, nan
1637886834, -0.5031967163085938, nan
1637886834, -0.5236358642578125, nan
1637886834, -0.5491867065429688, nan
1637886834, -0.5696258544921875, nan
1637886834, -0.60284423828125, nan
1637886834, -0.6334991455078125, nan
1637886834, -0.6079483032226562, nan
1637886834, -0.49042510986328125, nan
1637886834, -0.2936859130859375, nan
1637886834, -0.07651519775390625, nan
1637886835, 0.15088653564453125, nan
1637886835, 0.401275634765625, nan
1637886835, 0.6695480346679688, nan
1637886835, 0.861175537109375, nan
1637886835, 1.0604629516601562, nan
1637886835, 1.2801895141601562, nan
1637886835, 1.4769287109375, nan
1637886835, 1.6123428344726562, nan
1637886835, 1.6225662231445312, nan
1637886835, 1.4616012573242188, nan
1637886836, 1.1754379272460938, nan
1637886836, 0.8202896118164062, nan
1637886836, 0.5264663696289062, nan
1637886836, 0.36038970947265625, nan
1637886836, 0.2249755859375, nan
1637886836, 0.08190155029296875, nan
1637886836, -0.0637359619140625, nan
1637886836, -0.18126678466796875, nan
1637886836, -0.280914306640625, nan
1637886836, -0.3958892822265625, nan
1637886837, -0.4878692626953125, 18.195602416992188
1637886837, -0.5261917114257812, nan
1637886837, -0.5542984008789062, nan
1637886837, -0.5900650024414062, nan
1637886837, -0.6156158447265625, nan
1637886837, -0.610504150390625, nan
1637886837, -0.5977325439453125, nan
1637886837, -0.6002883911132812, nan
1637886837, -0.5415191650390625, nan
1637886837, -0.3626708984375, nan
1637886838, -0.1199493408203125, nan
1637886838, 0.11766815185546875, nan
1637886838, 0.33739471435546875, nan
1637886838, 0.5520172119140625, nan
1637886838, 0.77685546875, nan
1637886838, 0.94293212890625, nan
1637886838, 1.0502395629882812, nan
1637886838, 1.20098876953125, nan
1637886838, 1.3338470458984375, nan
1637886838, 1.3134078979492188, nan
1637886839, 1.1115646362304688, nan
1637886839, 0.8560638427734375, nan
1637886839, 0.6363296508789062, nan
1637886839, 0.38849639892578125, nan
1637886839, 0.125335693359375, nan
1637886839, -0.04840850830078125, nan
1637886839, -0.15827178955078125, nan
1637886839, -0.2528076171875, nan
1637886839, -0.3396759033203125, nan
1637886839, -0.41121673583984375, nan
1637886840, -0.45720672607421875, nan
1637886840, -0.5134201049804688, nan
1637886840, -0.5951766967773438, nan
1637886840, -0.6462783813476562, nan
1637886840, -0.6590499877929688, nan
1637886840, -0.6692733764648438, nan
1637886840, -0.6871566772460938, nan
1637886840, -0.6973800659179688, nan
1637886840, -0.6794891357421875, nan
