1637886224, 2.9409408569335938, 18.480493545532227
1637886224, 2.4554901123046875, nan
1637886225, 2.074798583984375, nan
1637886225, 1.8448486328125, nan
1637886225, 1.650665283203125, nan
1637886225, 1.5612411499023438, nan
1637886225, 1.5919036865234375, nan
1637886225, 1.6174545288085938, nan
1637886225, 1.4360504150390625, nan
1637886225, 1.1933212280273438, nan
1637886225, 1.3006362915039062, nan
1637886225, 1.7630844116210938, nan
1637886226, 2.3660659790039062, nan
1637886226, 3.1581192016601562, nan
1637886226, 3.9910507202148438, nan
1637886226, 4.486717224121094, nan
1637886226, 4.757545471191406, nan
1637886226, 5.2072296142578125, nan
1637886226, 5.8229827880859375, nan
1637886226, 6.3390960693359375, nan
1637886226, 6.689125061035156, nan
1637886226, 6.768333435058594, nan
1637886227, 6.454071044921875, nan
1637886227, 5.756553649902344, nan
1637886227, 5.0079345703125, nan
1637886227, 4.560813903808594, nan
1637886227, 4.198005676269531, nan
1637886227, 3.758544921875, nan
1637886227, 3.3880691528320312, nan
1637886227, 3.1197967529296875, nan
1637886227, 2.7723159790039062, nan
1637886227, 2.4171676635742188, nan
1637886228, 2.3251876831054688, nan
1637886228, 2.3609542846679688, nan
1637886228, 2.4835968017578125, nan
1637886228, 2.9613800048828125, nan
1637886228, 3.6512298583984375, nan
1637886228, 4.2133331298828125, nan
1637886228, 4.73199462890625, nan
1637886228, 5.337532043457031, nan
1637886228, 5.8510894775390625, nan
1637886228, 6.211341857910156, nan
1637886229, 6.5537109375, nan
1637886229, 6.758110046386719, nan
1637886229, 6.515388488769531, nan
1637886229, 5.8510894775390625, nan
1637886229, 5.240440368652344, nan
1637886229, 4.790763854980469, nan
1637886229, 4.330863952636719, nan
1637886229, 3.8811798095703125, nan
1637886229, 3.4877166748046875, nan
1637886229, 3.1683349609375, nan
1637886230, 2.8591842651367188, nan
1637886230, 2.4835968017578125, nan
1637886230, 2.2357635498046875, nan
1637886230, 2.1616668701171875, nan
1637886230, 2.0952377319335938, nan
1637886230, 2.0339202880859375, nan
1637886230, 1.982818603515625, nan
1637886230, 1.964935302734375, nan
1637886230, 1.9955902099609375, nan
1637886230, 1.97259521484375, nan
1637886231, 2.0875701904296875, nan
1637886231, 2.5755767822265625, nan
1637886231, 3.2015533447265625, nan
1637886231, 3.8147506713867188, nan
1637886231, 4.412620544433594, nan
1637886231, 4.9593963623046875, nan
1637886231, 5.470390319824219, nan
1637886231, 5.907295227050781, nan
1637886231, 6.213897705078125, nan
1637886231, 6.528160095214844, nan
1637886232, 6.8066558837890625, nan
1637886232, 6.617584228515625, nan
1637886232, 5.9890594482421875, nan
1637886232, 5.319648742675781, nan
1637886232, 4.739662170410156, nan
1637886232, 4.116241455078125, nan
1637886232, 3.4647216796875, nan
1637886232, 3.012481689453125, nan
1637886232, 2.718658447265625, nan
1637886232, 2.4708251953125, nan
1637886233, 2.2689743041992188, nan
1637886233, 2.1156768798828125, nan
1637886233, 2.01092529296875, nan
1637886233, 1.8652877807617188, nan
1637886233, 1.6864395141601562, nan
1637886233, 1.6353378295898438, nan
1637886233, 1.6736602783203125, nan
1637886233, 1.660888671875, nan
1637886233, 1.6634445190429688, nan
1637886233, 1.8882827758789062, nan
1637886234, 2.4018402099609375, nan
1637886234, 3.0457000732421875, nan
1637886234, 3.5848007202148438, nan
1637886234, 4.1111297607421875, nan
1637886234, 4.693672180175781, nan
1637886234, 5.1688995361328125, nan
1637886234, 5.567481994628906, nan
1637886234, 5.917518615722656, nan
1637886234, 6.2649993896484375, 20.013341903686523
1637886234, 6.436180114746094, nan
1637886235, 6.295654296875, nan
1637886235, 5.8919677734375, nan
1637886235, 5.324760437011719, nan
1637886235, 4.739662170410156, nan
1637886235, 4.182670593261719, nan
1637886235, 3.6972198486328125, nan
1637886235, 3.29864501953125, nan
1637886235, 2.85662841796875, nan
1637886235, 2.4273910522460938, nan
1637886235, 2.2051010131835938, nan
1637886235, 2.0875701904296875, nan
1637886236, 1.9904861450195312, nan
1637886236, 1.9112777709960938, nan
1637886236, 1.834625244140625, nan
1637886236, 1.7835311889648438, nan
1637886236, 1.6838836669921875, nan
1637886236, 1.5254745483398438, nan
1637886236, 1.4922561645507812, nan
1637886236, 1.5919036865234375, nan
1637886236, 1.7656402587890625, nan
1637886237, 2.0543594360351562, nan
1637886237, 2.4682693481445312, nan
1637886237, 2.976715087890625, nan
1637886237, 3.4928207397460938, nan
1637886237, 3.8454132080078125, nan
1637886237, 4.1571197509765625, nan
1637886237, 4.5991363525390625, nan
1637886237, 5.000274658203125, nan
1637886237, 5.3451995849609375, nan
1637886237, 5.6722412109375, nan
1637886238, 5.966064453125, nan
1637886238, 6.147468566894531, nan
1637886238, 5.922630310058594, nan
1637886238, 5.2711029052734375, nan
1637886238, 4.6374664306640625, nan
1637886238, 4.172454833984375, nan
1637886238, 3.748321533203125, nan
1637886238, 3.3855133056640625, nan
1637886238, 3.086578369140625, nan
1637886238, 2.8489608764648438, nan
1637886239, 2.6394500732421875, nan
1637886239, 2.3558502197265625, nan
1637886239, 2.1437835693359375, nan
1637886239, 2.0850143432617188, nan
1637886239, 2.0364761352539062, nan
1637886239, 1.9777069091796875, nan
1637886239, 1.9138336181640625, nan
1637886239, 1.8780593872070312, nan
1637886239, 1.8882827758789062, nan
1637886239, 1.8218536376953125, nan
1637886240, 1.6711044311523438, nan
1637886240, 1.6251144409179688, nan
1637886240, 1.6634445190429688, nan
1637886240, 1.7145462036132812, nan
1637886240, 1.7605361938476562, nan
1637886240, 1.8882827758789062, nan
1637886240, 2.24853515625, nan
1637886240, 2.7850875854492188, nan
1637886240, 3.2398757934570312, nan
1637886240, 3.6870040893554688, nan
1637886241, 4.2720947265625, nan
1637886241, 4.8290863037109375, nan
1637886241, 5.332420349121094, nan
1637886241, 5.79998779296875, nan
1637886241, 6.24200439453125, nan
1637886241, 6.607368469238281, nan
1637886241, 6.791328430175781, nan
1637886241, 6.8347625732421875, nan
1637886241, 6.612480163574219, nan
1637886241, 6.050376892089844, nan
1637886242, 5.401405334472656, nan
1637886242, 4.823974609375, nan
1637886242, 4.3410797119140625, nan
1637886242, 3.7968673706054688, nan
1637886242, 3.2654266357421875, nan
1637886242, 2.958831787109375, nan
1637886242, 2.754425048828125, nan
1637886242, 2.5602493286132812, nan
1637886242, 2.3737335205078125, nan
1637886242, 2.2204360961914062, nan
1637886243, 2.1131210327148438, nan
1637886243, 1.9189453125, nan
1637886243, 1.7452011108398438, nan
1637886243, 1.75286865234375, nan
1637886243, 1.8525161743164062, nan
1637886243, 1.9061660766601562, nan
1637886243, 1.8295211791992188, nan
1637886243, 1.8065261840820312, nan
1637886243, 2.1233444213867188, nan
1637886243, 2.65478515625, nan
1637886244, 3.1734466552734375, nan
1637886244, 3.804534912109375, nan
1637886244, 4.527595520019531, nan
1637886244, 5.171455383300781, nan
1637886244, 5.682456970214844, nan
1637886244, 6.0350494384765625, nan
1637886244, 6.2726593017578125, nan
1637886244, 5.937957763671875, nan
1637886244, 5.32220458984375, 20.83333396911621
1637886244, 5.1331329345703125, nan
1637886245, 4.7549896240234375, nan
1637886245, 4.205665588378906, nan
1637886245, 3.9936065673828125, nan
1637886245, 3.6921157836914062, nan
1637886245, 3.0840225219726562, nan
1637886245, 2.5781326293945312, nan
1637886245, 2.3481826782226562, nan
1637886245, 2.2076568603515625, nan
1637886245, 2.110565185546875, nan
1637886245, 2.12078857421875, nan
1637886246, 2.1233444213867188, nan
1637886246, 1.9189453125, nan
1637886246, 1.6762161254882812, nan
1637886246, 1.660888671875, nan
1637886246, 1.880615234375, nan
1637886246, 2.34051513671875, nan
1637886246, 2.984375, nan
1637886246, 3.694671630859375, nan
1637886246, 4.300201416015625, nan
1637886246, 4.7652130126953125, nan
1637886247, 5.278770446777344, nan
1637886247, 5.802543640136719, nan
1637886247, 6.213897705078125, nan
1637886247, 6.556266784667969, nan
1637886247, 6.781105041503906, nan
1637886247, 6.653358459472656, nan
1637886247, 5.9507293701171875, nan
1637886247, 5.102470397949219, nan
1637886247, 4.519935607910156, nan
1637886247, 4.024261474609375, nan
1637886248, 3.5541458129882812, nan
1637886248, 3.1555633544921875, nan
1637886248, 2.8540725708007812, nan
1637886248, 2.6113510131835938, nan
1637886248, 2.3175201416015625, nan
1637886248, 2.0875701904296875, nan
1637886248, 1.9777069091796875, nan
1637886248, 1.8652877807617188, nan
1637886248, 1.7605361938476562, nan
1637886248, 1.6915512084960938, nan
1637886249, 1.7222061157226562, nan
1637886249, 1.9981460571289062, nan
1637886249, 2.4299392700195312, nan
1637886249, 2.87451171875, nan
1637886249, 3.48260498046875, nan
1637886249, 4.154571533203125, nan
1637886249, 4.767768859863281, nan
1637886249, 5.365638732910156, nan
1637886249, 5.899635314941406, nan
1637886249, 6.377418518066406, nan
1637886250, 6.7146759033203125, nan
1637886250, 6.602256774902344, nan
1637886250, 6.060600280761719, nan
1637886250, 5.403961181640625, nan
1637886250, 4.739662170410156, nan
1637886250, 4.1213531494140625, nan
1637886250, 3.6001358032226562, nan
1637886250, 3.1913299560546875, nan
1637886250, 2.8080825805664062, nan
1637886250, 2.3277435302734375, nan
1637886251, 1.9572677612304688, nan
1637886251, 1.798858642578125, nan
1637886251, 1.67877197265625, nan
1637886251, 1.5663528442382812, nan
1637886251, 1.4769287109375, nan
1637886251, 1.4232711791992188, nan
1637886251, 1.3951644897460938, nan
1637886251, 1.3593978881835938, nan
1637886251, 1.614898681640625, nan
1637886251, 2.2664260864257812, nan
1637886252, 2.9639358520507812, nan
1637886252, 3.5848007202148438, nan
1637886252, 4.1622314453125, nan
1637886252, 4.716667175292969, nan
1637886252, 5.217445373535156, nan
1637886252, 5.54193115234375, nan
1637886252, 5.815315246582031, nan
1637886252, 6.050376892089844, nan
1637886252, 5.843421936035156, nan
1637886252, 5.1893463134765625, nan
1637886253, 4.435615539550781, nan
1637886253, 3.8326416015625, nan
1637886253, 3.3676300048828125, nan
1637886253, 2.8540725708007812, nan
1637886253, 2.4452743530273438, nan
1637886253, 2.2715301513671875, nan
1637886253, 2.1463394165039062, nan
1637886253, 2.0211410522460938, nan
1637886253, 1.9317169189453125, nan
1637886253, 1.8525161743164062, nan
1637886254, 1.770751953125, nan
1637886254, 1.6225662231445312, nan
1637886254, 1.4232711791992188, nan
1637886254, 1.3721694946289062, nan
1637886254, 1.4258270263671875, nan
1637886254, 1.4743728637695312, nan
1637886254, 1.4999237060546875, nan
1637886254, 1.5024795532226562, nan
1637886254, 1.5356903076171875, 20.881669998168945
1637886254, 1.6634445190429688, nan
1637886255, 1.8550643920898438, nan
1637886255, 2.1642227172851562, nan
1637886255, 2.7161026000976562, nan
1637886255, 3.3114166259765625, nan
1637886255, 3.840301513671875, nan
1637886255, 4.358970642089844, nan
1637886255, 4.859748840332031, nan
1637886255, 5.329864501953125, nan
1637886255, 5.723335266113281, nan
1637886255, 5.963508605957031, nan
1637886256, 6.170463562011719, nan
1637886256, 6.267555236816406, nan
1637886256, 5.912406921386719, nan
1637886256, 5.2711029052734375, nan
1637886256, 4.6732330322265625, nan
1637886256, 4.172454833984375, nan
1637886256, 3.7074432373046875, nan
1637886256, 3.1862258911132812, nan
1637886256, 2.7723159790039062, nan
1637886256, 2.5781326293945312, nan
1637886257, 2.4350509643554688, nan
1637886257, 2.2791976928710938, nan
1637886257, 2.1284561157226562, nan
1637886257, 1.9981460571289062, nan
1637886257, 1.890838623046875, nan
1637886257, 1.7222061157226562, nan
1637886257, 1.4999237060546875, nan
1637886257, 1.4079437255859375, nan
1637886257, 1.42071533203125, nan
1637886257, 1.4360504150390625, nan
1637886258, 1.430938720703125, nan
1637886258, 1.4104995727539062, nan
1637886258, 1.4386062622070312, nan
1637886258, 1.5356903076171875, nan
1637886258, 1.6634445190429688, nan
1637886258, 1.9419403076171875, nan
1637886258, 2.5219192504882812, nan
1637886258, 3.2015533447265625, nan
1637886258, 3.8070907592773438, nan
1637886258, 4.371742248535156, nan
1637886259, 4.918510437011719, nan
1637886259, 5.434623718261719, nan
1637886259, 5.8408660888671875, nan
1637886259, 6.091255187988281, nan
1637886259, 6.3748626708984375, nan
1637886259, 6.681465148925781, nan
1637886259, 6.599700927734375, nan
1637886259, 6.0248260498046875, nan
1637886259, 5.2889862060546875, nan
1637886259, 4.75244140625, nan
1637886259, 4.1392364501953125, nan
1637886260, 3.48260498046875, nan
1637886260, 2.93072509765625, nan
1637886260, 2.6011276245117188, nan
1637886260, 2.3456268310546875, nan
1637886260, 2.1182327270507812, nan
1637886260, 1.9317169189453125, nan
1637886260, 1.7963027954101562, nan
1637886260, 1.67877197265625, nan
1637886260, 1.4794845581054688, nan
1637886260, 1.3312911987304688, nan
1637886261, 1.338958740234375, nan
1637886261, 1.3670654296875, nan
1637886261, 1.4053878784179688, nan
1637886261, 1.5459136962890625, nan
1637886261, 1.9189453125, nan
1637886261, 2.4861526489257812, nan
1637886261, 3.0380325317382812, nan
1637886261, 3.4979324340820312, nan
1637886261, 4.021705627441406, nan
1637886261, 4.594024658203125, nan
1637886262, 5.1229095458984375, nan
1637886262, 5.5930328369140625, nan
1637886262, 5.963508605957031, nan
1637886262, 6.285438537597656, nan
1637886262, 6.505165100097656, nan
1637886262, 6.333984375, nan
1637886262, 5.792320251464844, nan
1637886262, 5.2353363037109375, nan
1637886262, 4.7013397216796875, nan
1637886262, 4.1494598388671875, nan
1637886263, 3.6410140991210938, nan
1637886263, 3.2194366455078125, nan
1637886263, 2.8642959594726562, nan
1637886263, 2.4452743530273438, nan
1637886263, 2.092681884765625, nan
1637886263, 1.9342727661132812, nan
1637886263, 1.8244094848632812, nan
1637886263, 1.7119903564453125, nan
1637886263, 1.614898681640625, nan
1637886263, 1.5714645385742188, nan
1637886264, 1.6174545288085938, nan
1637886264, 1.7196502685546875, nan
1637886264, 1.9623794555664062, nan
1637886264, 2.5423660278320312, nan
1637886264, 3.29864501953125, nan
1637886264, 3.99615478515625, nan
1637886264, 4.6093597412109375, nan
1637886264, 5.1561279296875, 20.080322265625
1637886264, 5.669685363769531, nan
1637886264, 6.05804443359375, nan
1637886265, 6.3109893798828125, nan
1637886265, 6.64569091796875, nan
1637886265, 6.9599609375, nan
1637886265, 6.643135070800781, nan
1637886265, 5.930290222167969, nan
1637886265, 5.319648742675781, nan
1637886265, 4.7473297119140625, nan
1637886265, 4.03448486328125, nan
1637886265, 3.3855133056640625, nan
1637886266, 2.9741592407226562, nan
1637886266, 2.6343460083007812, nan
1637886266, 2.3302993774414062, nan
1637886266, 2.1054611206054688, nan
1637886266, 1.9598236083984375, nan
1637886266, 1.8116302490234375, nan
1637886266, 1.597015380859375, nan
1637886266, 1.4743728637695312, nan
1637886266, 1.5024795532226562, nan
1637886266, 1.6072311401367188, nan
1637886267, 1.8882827758789062, nan
1637886267, 2.386505126953125, nan
1637886267, 3.0457000732421875, nan
1637886267, 3.7508773803710938, nan
1637886267, 4.320640563964844, nan
1637886267, 4.869964599609375, nan
1637886267, 5.498497009277344, nan
1637886267, 6.014610290527344, nan
1637886267, 6.441291809082031, nan
1637886267, 6.8526458740234375, nan
1637886268, 7.164360046386719, nan
1637886268, 7.016166687011719, nan
1637886268, 6.287994384765625, nan
1637886268, 5.5291595458984375, nan
1637886268, 4.961944580078125, nan
1637886268, 4.4202880859375, nan
1637886268, 3.9220657348632812, nan
1637886268, 3.5209274291992188, nan
1637886268, 3.2041091918945312, nan
1637886268, 2.828521728515625, nan
1637886269, 2.424835205078125, nan
1637886269, 2.1642227172851562, nan
1637886269, 1.9010543823242188, nan
1637886269, 1.5203628540039062, nan
1637886269, 1.045135498046875, nan
1637886269, 0.7334213256835938, nan
1637886269, 1.2316513061523438, nan
1637886269, 2.5858001708984375, nan
1637886269, 3.8888473510742188, nan
1637886269, 4.744773864746094, nan
1637886270, 5.429512023925781, nan
1637886270, 5.902191162109375, nan
1637886270, 6.032493591308594, nan
1637886270, 5.789764404296875, nan
1637886270, 5.194450378417969, nan
1637886270, 4.394737243652344, nan
1637886270, 3.70233154296875, nan
1637886270, 3.2500991821289062, nan
1637886270, 2.884735107421875, nan
1637886270, 2.552581787109375, nan
1637886271, 2.2996368408203125, nan
1637886271, 2.074798583984375, nan
1637886271, 1.7681961059570312, nan
1637886271, 1.5254745483398438, nan
1637886271, 1.4360504150390625, nan
1637886271, 1.356842041015625, nan
1637886271, 1.282745361328125, nan
1637886271, 1.3364028930664062, nan
1637886271, 1.4999237060546875, nan
1637886271, 1.6174545288085938, nan
1637886272, 1.8014144897460938, nan
1637886272, 2.1769943237304688, nan
1637886272, 2.7723159790039062, nan
1637886272, 3.5413665771484375, nan
1637886272, 4.297645568847656, nan
1637886272, 4.946617126464844, nan
1637886272, 5.495941162109375, nan
1637886272, 5.966064453125, nan
1637886272, 6.418296813964844, nan
1637886272, 6.7070159912109375, nan
1637886273, 6.561378479003906, nan
1637886273, 6.0631561279296875, nan
1637886273, 5.508720397949219, nan
1637886273, 4.872520446777344, nan
1637886273, 4.164787292480469, nan
1637886273, 3.6895599365234375, nan
1637886273, 3.306304931640625, nan
1637886273, 2.8796234130859375, nan
1637886273, 3.352294921875, nan
1637886273, 4.73199462890625, nan
1637886274, 3.9629440307617188, nan
1637886274, 1.2571945190429688, nan
1637886274, -0.26047515869140625, nan
1637886274, -0.5210800170898438, nan
1637886274, -0.26813507080078125, nan
1637886274, -0.00753021240234375, nan
1637886274, 0.15854644775390625, nan
1637886274, 0.5724563598632812, nan
1637886274, 1.4845962524414062, 21.352313995361328
1637886274, 2.286865234375, nan
1637886275, 2.1872177124023438, nan
1637886275, 1.356842041015625, nan
1637886275, 0.7513046264648438, nan
1637886275, 0.94293212890625, nan
1637886275, 1.154998779296875, nan
1637886275, 0.8841705322265625, nan
1637886275, 0.362945556640625, nan
1637886275, 0.04868316650390625, nan
1637886275, 0.051239013671875, nan
1637886275, 0.1381072998046875, nan
1637886276, 0.18154144287109375, nan
1637886276, 0.10744476318359375, nan
1637886276, -0.0739593505859375, nan
1637886276, -0.2758026123046875, nan
1637886276, -0.49042510986328125, nan
1637886276, -0.6334991455078125, nan
1637886276, -0.5670700073242188, nan
1637886276, -0.32946014404296875, nan
1637886276, 0.02313232421875, nan
1637886276, 0.4421539306640625, nan
1637886277, 0.7921905517578125, nan
1637886277, 1.0655746459960938, nan
1637886277, 1.3364028930664062, nan
1637886277, 1.5765762329101562, nan
1637886277, 1.8422927856445312, nan
1637886277, 2.1872177124023438, nan
1637886277, 2.3226318359375, nan
1637886277, 2.12078857421875, nan
1637886277, 1.9036102294921875, nan
1637886277, 1.6940994262695312, nan
1637886278, 1.4181594848632812, nan
1637886278, 1.1345596313476562, nan
1637886278, 0.8662796020507812, nan
1637886278, 0.6158905029296875, nan
1637886278, 0.49069976806640625, nan
1637886278, 0.6184463500976562, nan
1637886278, 1.0093612670898438, nan
1637886278, 1.551025390625, nan
1637886278, 2.1795501708984375, nan
1637886278, 2.7876434326171875, nan
1637886279, 3.1734466552734375, nan
1637886279, 3.3548507690429688, nan
1637886279, 3.362518310546875, nan
1637886279, 3.1913299560546875, nan
1637886279, 3.030364990234375, nan
1637886279, 3.0252609252929688, nan
1637886279, 3.0457000732421875, nan
1637886279, 2.792755126953125, nan
1637886279, 2.23065185546875, nan
1637886279, 1.93682861328125, nan
1637886280, 2.0160293579101562, nan
1637886280, 2.2613143920898438, nan
1637886280, 2.3635101318359375, nan
1637886280, 2.02880859375, nan
1637886280, 1.5663528442382812, nan
1637886280, 1.2495346069335938, nan
1637886280, 1.154998779296875, nan
1637886280, 1.098785400390625, nan
1637886280, 0.94293212890625, nan
1637886280, 0.7947463989257812, nan
1637886281, 0.6593246459960938, nan
1637886281, 0.5060272216796875, nan
1637886281, 0.42682647705078125, nan
1637886281, 0.40637969970703125, nan
1637886281, 0.38083648681640625, nan
1637886281, 0.42937469482421875, nan
1637886281, 0.6439971923828125, nan
1637886281, 0.9633712768554688, nan
1637886281, 1.2853012084960938, nan
1637886281, 1.6557769775390625, nan
1637886282, 2.0364761352539062, nan
1637886282, 2.3277435302734375, nan
1637886282, 2.5806884765625, nan
1637886282, 2.8310775756835938, nan
1637886282, 2.9741592407226562, nan
1637886282, 3.0610275268554688, nan
1637886282, 3.1989974975585938, nan
1637886282, 3.2117767333984375, nan
1637886282, 2.9460525512695312, nan
1637886282, 2.5960159301757812, nan
1637886283, 2.2843093872070312, nan
1637886283, 1.9010543823242188, nan
1637886283, 1.5356903076171875, nan
1637886283, 1.3236312866210938, nan
1637886283, 1.1626663208007812, nan
1637886283, 0.9940338134765625, nan
1637886283, 0.861175537109375, nan
1637886283, 0.7487564086914062, nan
1637886283, 0.585235595703125, nan
1637886283, 0.454925537109375, nan
1637886284, 0.41660308837890625, nan
1637886284, 0.37572479248046875, nan
1637886284, 0.31951141357421875, nan
1637886284, 0.2760772705078125, nan
1637886284, 0.21475982666015625, nan
1637886284, 0.11255645751953125, nan
1637886284, 0.05379486083984375, nan
1637886284, 0.079345703125, nan
1637886284, 0.1381072998046875, 18.213356018066406
1637886284, 0.2939605712890625, nan
1637886285, 0.621002197265625, nan
1637886285, 1.01702880859375, nan
1637886285, 1.3236312866210938, nan
1637886285, 1.6200103759765625, nan
1637886285, 2.0032577514648438, nan
1637886285, 2.3635101318359375, nan
1637886285, 2.6573410034179688, nan
1637886285, 2.9690475463867188, nan
1637886285, 3.2552108764648438, nan
1637886285, 3.4136199951171875, nan
1637886286, 3.4800491333007812, nan
1637886286, 3.3420791625976562, nan
1637886286, 2.9613800048828125, nan
1637886286, 2.5730209350585938, nan
1637886286, 2.2459793090820312, nan
1637886286, 1.8857269287109375, nan
1637886286, 1.4871444702148438, nan
1637886286, 1.1882095336914062, nan
1637886286, 1.0298004150390625, nan
1637886286, 0.8892745971679688, nan
1637886287, 0.7385330200195312, nan
1637886287, 0.603118896484375, nan
1637886287, 0.48047637939453125, nan
1637886287, 0.34250640869140625, nan
1637886287, 0.2633056640625, nan
1637886287, 0.27352142333984375, nan
1637886287, 0.2863006591796875, nan
1637886287, 0.36038970947265625, nan
1637886287, 0.6133346557617188, nan
1637886287, 1.0476913452148438, nan
1637886288, 1.4437103271484375, nan
1637886288, 1.724761962890625, nan
1637886288, 2.0415802001953125, nan
1637886288, 2.3558502197265625, nan
1637886288, 2.5934600830078125, nan
1637886288, 2.8080825805664062, nan
1637886288, 3.0073699951171875, nan
1637886288, 3.1632308959960938, nan
1637886288, 3.1402359008789062, nan
1637886288, 2.8949508666992188, nan
1637886289, 2.6292343139648438, nan
1637886289, 2.3890609741210938, nan
1637886289, 2.1131210327148438, nan
1637886289, 1.8116302490234375, nan
1637886289, 1.5305862426757812, nan
1637886289, 1.2904129028320312, nan
1637886289, 1.0502395629882812, nan
1637886289, 0.7998504638671875, nan
1637886289, 0.6465530395507812, nan
1637886289, 0.5801239013671875, nan
1637886290, 0.5034713745117188, nan
1637886290, 0.4242706298828125, nan
1637886290, 0.35528564453125, nan
1637886290, 0.29651641845703125, nan
1637886290, 0.2479705810546875, nan
1637886290, 0.16365814208984375, nan
1637886290, 0.05890655517578125, nan
1637886290, 0.04868316650390625, nan
1637886290, 0.14066314697265625, nan
1637886290, 0.3399505615234375, nan
1637886291, 0.6721038818359375, nan
1637886291, 1.063018798828125, nan
1637886291, 1.374725341796875, nan
1637886291, 1.7605361938476562, nan
1637886291, 2.0799102783203125, nan
1637886291, 2.3124160766601562, nan
1637886291, 2.590911865234375, nan
1637886291, 2.8949508666992188, nan
1637886291, 3.1632308959960938, nan
1637886291, 3.4493865966796875, nan
1637886291, 3.6921157836914062, nan
1637886292, 3.6921157836914062, nan
1637886292, 3.362518310546875, nan
1637886292, 2.8540725708007812, nan
1637886292, 2.4120559692382812, nan
1637886292, 2.0875701904296875, nan
1637886292, 1.8014144897460938, nan
1637886292, 1.551025390625, nan
1637886292, 1.3261795043945312, nan
1637886292, 1.1294479370117188, nan
1637886292, 0.9557113647460938, nan
1637886293, 0.7359771728515625, nan
1637886293, 0.5903396606445312, nan
1637886293, 0.603118896484375, nan
1637886293, 0.5877914428710938, nan
1637886293, 0.47281646728515625, nan
1637886293, 0.32973480224609375, nan
1637886293, 0.20709228515625, nan
1637886293, 0.13555145263671875, nan
1637886293, 0.10489654541015625, nan
1637886293, 0.23264312744140625, nan
1637886294, 0.6363296508789062, nan
1637886294, 1.172882080078125, nan
1637886294, 1.6634445190429688, nan
1637886294, 2.074798583984375, nan
1637886294, 2.4376068115234375, nan
1637886294, 2.792755126953125, nan
1637886294, 3.068695068359375, nan
1637886294, 3.2271041870117188, 13.473053932189941
1637886294, 3.4110641479492188, nan
1637886294, 3.5771408081054688, nan
1637886295, 3.4468307495117188, nan
1637886295, 3.0635833740234375, nan
1637886295, 2.6931076049804688, nan
1637886295, 2.276641845703125, nan
1637886295, 1.8320693969726562, nan
1637886295, 1.4156112670898438, nan
1637886295, 1.137115478515625, nan
1637886295, 0.9276046752929688, nan
1637886295, 0.7615280151367188, nan
1637886296, 0.6133346557617188, nan
1637886296, 0.4319305419921875, nan
1637886296, 0.25052642822265625, nan
1637886296, 0.079345703125, nan
1637886296, -0.0458526611328125, nan
1637886296, -0.07906341552734375, nan
1637886296, -0.10205841064453125, nan
1637886296, -0.11739349365234375, nan
1637886296, -0.0739593505859375, nan
1637886296, 0.11255645751953125, nan
1637886297, 0.493255615234375, nan
1637886297, 0.914825439453125, nan
1637886297, 1.2725296020507812, nan
1637886297, 1.6660003662109375, nan
1637886297, 2.0773544311523438, nan
1637886297, 2.4171676635742188, nan
1637886297, 2.7237701416015625, nan
1637886297, 3.0252609252929688, nan
1637886297, 3.3139724731445312, nan
1637886297, 3.55670166015625, nan
1637886298, 3.6537857055664062, nan
1637886298, 3.5720291137695312, nan
1637886298, 3.3216400146484375, nan
1637886298, 2.9460525512695312, nan
1637886298, 2.5219192504882812, nan
1637886298, 2.1259002685546875, nan
1637886298, 1.78863525390625, nan
1637886298, 1.3951644897460938, nan
1637886298, 1.0195846557617188, nan
1637886298, 0.8100738525390625, nan
1637886299, 0.6899871826171875, nan
1637886299, 0.55712890625, nan
1637886299, 0.437042236328125, nan
1637886299, 0.34761810302734375, nan
1637886299, 0.26586151123046875, nan
1637886299, 0.15343475341796875, nan
1637886299, 0.0282440185546875, nan
1637886299, -0.01263427734375, nan
1637886299, -0.004974365234375, nan
1637886299, -0.022857666015625, nan
1637886300, -0.04329681396484375, nan
1637886300, 0.0001373291015625, nan
1637886300, 0.17388153076171875, nan
1637886300, 0.5060272216796875, nan
1637886300, 0.8662796020507812, nan
1637886300, 1.2214279174804688, nan
1637886300, 1.650665283203125, nan
1637886300, 2.0415802001953125, nan
1637886300, 2.350738525390625, nan
1637886300, 2.6394500732421875, nan
1637886301, 2.9281692504882812, nan
1637886301, 3.2117767333984375, nan
1637886301, 3.418731689453125, nan
1637886301, 3.5132598876953125, nan
1637886301, 3.5132598876953125, nan
1637886301, 3.3037567138671875, nan
1637886301, 2.89239501953125, nan
1637886301, 2.4350509643554688, nan
1637886301, 2.0032577514648438, nan
1637886301, 1.6200103759765625, nan
1637886302, 1.2316513061523438, nan
1637886302, 0.8816146850585938, nan
1637886302, 0.6797714233398438, nan
1637886302, 0.5622406005859375, nan
1637886302, 0.43959808349609375, nan
1637886302, 0.31951141357421875, nan
1637886302, 0.2249755859375, nan
1637886302, 0.1483306884765625, nan
1637886302, 0.0640106201171875, nan
1637886302, -0.040740966796875, nan
1637886303, -0.08417510986328125, nan
1637886303, -0.05352020263671875, nan
1637886303, 0.0001373291015625, nan
1637886303, 0.15343475341796875, nan
1637886303, 0.4830322265625, nan
1637886303, 0.9276046752929688, nan
1637886303, 1.3670654296875, nan
1637886303, 1.6992111206054688, nan
1637886303, 1.9879302978515625, nan
1637886303, 2.3430709838867188, nan
1637886304, 2.682891845703125, nan
1637886304, 2.9434967041015625, nan
1637886304, 3.1657867431640625, nan
1637886304, 3.3829574584960938, nan
1637886304, 3.528594970703125, nan
1637886304, 3.3931808471679688, nan
1637886304, 3.0150375366210938, nan
1637886304, 2.6777801513671875, nan
1637886304, 2.368621826171875, 20.36659812927246
1637886304, 2.000701904296875, nan
1637886305, 1.650665283203125, nan
1637886305, 1.3542861938476562, nan
1637886305, 1.080902099609375, nan
1637886305, 0.7921905517578125, nan
1637886305, 0.5724563598632812, nan
1637886305, 0.454925537109375, nan
1637886305, 0.345062255859375, nan
1637886305, 0.22753143310546875, nan
1637886305, 0.13043975830078125, nan
1637886305, 0.05890655517578125, nan
1637886306, 0.0001373291015625, nan
1637886306, -0.03307342529296875, nan
1637886306, 0.11255645751953125, nan
1637886306, 0.493255615234375, nan
1637886306, 0.9403762817382812, nan
1637886306, 1.374725341796875, nan
1637886306, 1.8039703369140625, nan
1637886306, 2.1974411010742188, nan
1637886306, 2.5321426391601562, nan
1637886306, 2.7646484375, nan
1637886307, 2.976715087890625, nan
1637886307, 3.242431640625, nan
1637886307, 3.4519424438476562, nan
1637886307, 3.4340591430664062, nan
1637886307, 3.132568359375, nan
1637886307, 2.7263259887695312, nan
1637886307, 2.3302993774414062, nan
1637886307, 1.8831710815429688, nan
1637886307, 1.4769287109375, nan
1637886307, 1.1933212280273438, nan
1637886308, 0.9301605224609375, nan
1637886308, 0.6925430297851562, nan
1637886308, 0.5162506103515625, nan
1637886308, 0.39871978759765625, nan
1637886308, 0.27352142333984375, nan
1637886308, 0.13299560546875, nan
1637886308, 0.079345703125, nan
1637886308, 0.041015625, nan
1637886308, -0.05352020263671875, nan
1637886308, -0.14550018310546875, nan
1637886309, -0.2119293212890625, nan
1637886309, -0.19659423828125, nan
1637886309, 0.02568817138671875, nan
1637886309, 0.437042236328125, nan
1637886309, 0.9863662719726562, nan
1637886309, 1.6097869873046875, nan
1637886309, 2.2383193969726562, nan
1637886309, 3.030364990234375, nan
1637886309, 3.6256866455078125, nan
1637886309, 3.6767807006835938, nan
1637886310, 3.6103515625, nan
1637886310, 3.5592498779296875, nan
1637886310, 3.5618057250976562, nan
1637886310, 3.5388107299804688, nan
1637886310, 3.1862258911132812, nan
1637886310, 2.8080825805664062, nan
1637886310, 2.4733810424804688, nan
1637886310, 1.9853744506835938, nan
1637886310, 1.6097869873046875, nan
1637886310, 1.3798370361328125, nan
1637886311, 1.1984329223632812, nan
1637886311, 1.0298004150390625, nan
1637886311, 0.8279571533203125, nan
1637886311, 0.72320556640625, nan
1637886311, 0.5877914428710938, nan
1637886311, 0.39105224609375, nan
1637886311, 0.33739471435546875, nan
1637886311, 0.309295654296875, nan
1637886311, 0.2939605712890625, nan
1637886311, 0.345062255859375, nan
1637886312, 0.5188064575195312, nan
1637886312, 0.9122695922851562, nan
1637886312, 1.2776412963867188, nan
1637886312, 1.597015380859375, nan
1637886312, 2.018585205078125, nan
1637886312, 2.41461181640625, nan
1637886312, 2.78253173828125, nan
1637886312, 3.0840225219726562, nan
1637886312, 3.362518310546875, nan
1637886312, 3.6614532470703125, nan
1637886313, 3.7253265380859375, nan
1637886313, 3.5771408081054688, nan
1637886313, 3.2833099365234375, nan
1637886313, 2.912841796875, nan
1637886313, 2.5781326293945312, nan
1637886313, 2.1795501708984375, nan
1637886313, 1.8371810913085938, nan
1637886313, 1.5612411499023438, nan
1637886313, 1.20098876953125, nan
1637886313, 0.9787063598632812, nan
1637886314, 0.8432846069335938, nan
1637886314, 0.6925430297851562, nan
1637886314, 0.5877914428710938, nan
1637886314, 0.44470977783203125, nan
1637886314, 0.37061309814453125, nan
1637886314, 0.2939605712890625, nan
1637886314, 0.14577484130859375, nan
1637886314, 0.11766815185546875, nan
1637886314, 0.125335693359375, 20.029672622680664
1637886314, 0.178985595703125, nan
1637886315, 0.37061309814453125, nan
1637886315, 0.7104263305664062, nan
1637886315, 1.20098876953125, nan
1637886315, 1.5842361450195312, nan
1637886315, 1.8703994750976562, nan
1637886315, 2.2536468505859375, nan
1637886315, 2.6343460083007812, nan
1637886315, 2.9741592407226562, nan
1637886315, 3.2373199462890625, nan
1637886315, 3.5030441284179688, nan
1637886316, 3.758544921875, nan
1637886316, 3.7227706909179688, nan
1637886316, 3.4979324340820312, nan
1637886316, 3.1811141967773438, nan
1637886316, 2.7953109741210938, nan
1637886316, 2.4478302001953125, nan
1637886316, 2.056915283203125, nan
1637886316, 1.7503128051757812, nan
1637886316, 1.430938720703125, nan
1637886316, 1.0783462524414062, nan
1637886317, 0.9505996704101562, nan
1637886317, 0.8535079956054688, nan
1637886317, 0.7359771728515625, nan
1637886317, 0.6542205810546875, nan
1637886317, 0.5596847534179688, nan
1637886317, 0.5443496704101562, nan
1637886317, 0.6669921875, nan
1637886317, 1.0579071044921875, nan
1637886317, 1.56890869140625, nan
1637886317, 1.9802627563476562, nan
1637886318, 2.4043960571289062, nan
1637886318, 2.7620925903320312, nan
1637886318, 3.0482559204101562, nan
1637886318, 3.242431640625, nan
1637886318, 3.3650741577148438, nan
1637886318, 3.6256866455078125, nan
1637886318, 3.758544921875, nan
1637886318, 3.5873565673828125, nan
1637886318, 3.3012008666992188, nan
1637886318, 2.9409408569335938, nan
1637886319, 2.5193710327148438, nan
1637886319, 2.1131210327148438, nan
1637886319, 1.8295211791992188, nan
1637886319, 1.6481094360351562, nan
1637886319, 1.4104995727539062, nan
1637886319, 1.1882095336914062, nan
1637886319, 1.0425796508789062, nan
1637886319, 0.8535079956054688, nan
1637886319, 0.6542205810546875, nan
1637886319, 0.55712890625, nan
1637886320, 0.53924560546875, nan
1637886320, 0.4830322265625, nan
1637886320, 0.36550140380859375, nan
1637886320, 0.2939605712890625, nan
1637886320, 0.27863311767578125, nan
1637886320, 0.22241973876953125, nan
1637886320, 0.11766815185546875, nan
1637886320, 0.0921173095703125, nan
1637886320, 0.17642974853515625, nan
1637886320, 0.401275634765625, nan
1637886321, 0.7487564086914062, nan
1637886321, 1.09112548828125, nan
1637886321, 1.3900604248046875, nan
1637886321, 1.6634445190429688, nan
1637886321, 1.9470443725585938, nan
1637886321, 2.3277435302734375, nan
1637886321, 2.6982192993164062, nan
1637886321, 3.0431442260742188, nan
1637886321, 3.37274169921875, nan
1637886321, 3.6001358032226562, nan
1637886322, 3.858184814453125, nan
1637886322, 3.8990707397460938, nan
1637886322, 3.5796966552734375, nan
1637886322, 3.2271041870117188, nan
1637886322, 2.8975067138671875, nan
1637886322, 2.5372543334960938, nan
1637886322, 2.1539993286132812, nan
1637886322, 1.7579803466796875, nan
1637886322, 1.4360504150390625, nan
1637886322, 1.1141204833984375, nan
1637886323, 0.8943862915039062, nan
1637886323, 0.83306884765625, nan
1637886323, 0.712982177734375, nan
1637886323, 0.5903396606445312, nan
1637886323, 0.55712890625, nan
1637886323, 0.7921905517578125, nan
1637886323, 0.9020538330078125, nan
1637886323, 0.419158935546875, nan
1637886323, -0.06118011474609375, nan
1637886323, -0.19149017333984375, nan
1637886323, -0.16338348388671875, nan
1637886324, -0.07140350341796875, nan
1637886324, 0.1559906005859375, nan
1637886324, 0.5085830688476562, nan
1637886324, 0.822845458984375, nan
1637886324, 1.20098876953125, nan
1637886324, 1.6276702880859375, nan
1637886324, 1.9547119140625, nan
1637886324, 2.2791976928710938, 20.147750854492188
1637886324, 2.6343460083007812, nan
1637886324, 2.9562759399414062, nan
1637886325, 3.11468505859375, nan
1637886325, 3.160675048828125, nan
1637886325, 3.0738067626953125, nan
1637886325, 2.7135467529296875, nan
1637886325, 2.4171676635742188, nan
1637886325, 2.1054611206054688, nan
1637886325, 1.7119903564453125, nan
1637886325, 1.3185195922851562, nan
1637886325, 0.925048828125, nan
1637886326, 0.6005630493164062, nan
1637886326, 0.41149139404296875, nan
1637886326, 0.26074981689453125, nan
1637886326, 0.11766815185546875, nan
1637886326, -0.05606842041015625, nan
1637886326, -0.2017059326171875, nan
1637886326, -0.19915008544921875, nan
1637886326, -0.16082763671875, nan
1637886326, -0.13527679443359375, nan
1637886326, -0.13527679443359375, nan
1637886327, -0.1199493408203125, nan
1637886327, 0.0180206298828125, nan
1637886327, 0.2403106689453125, nan
1637886327, 0.57501220703125, nan
1637886327, 0.9991455078125, nan
1637886327, 1.3798370361328125, nan
1637886327, 1.78863525390625, nan
1637886327, 2.1539993286132812, nan
1637886327, 2.4401626586914062, nan
1637886327, 2.6394500732421875, nan
1637886328, 2.7493209838867188, nan
1637886328, 2.9281692504882812, nan
1637886328, 2.8949508666992188, nan
1637886328, 2.5321426391601562, nan
1637886328, 2.15655517578125, nan
1637886328, 1.86273193359375, nan
1637886328, 1.5535812377929688, nan
1637886328, 1.2955245971679688, nan
1637886328, 1.144775390625, nan
1637886328, 0.9991455078125, nan
1637886329, 0.9327163696289062, nan
1637886329, 1.0017013549804688, nan
1637886329, 0.896942138671875, nan
1637886329, 0.44982147216796875, nan
1637886329, 0.1662139892578125, nan
1637886329, 0.23775482177734375, nan
1637886329, 0.31439971923828125, nan
1637886329, 0.4319305419921875, nan
1637886329, 0.677215576171875, nan
1637886329, 0.9454879760742188, nan
1637886330, 1.1498870849609375, nan
1637886330, 1.2520904541015625, nan
1637886330, 1.4411544799804688, nan
1637886330, 1.7324295043945312, nan
1637886330, 1.9572677612304688, nan
1637886330, 2.1974411010742188, nan
1637886330, 2.4452743530273438, nan
1637886330, 2.4478302001953125, nan
1637886330, 2.148895263671875, nan
1637886330, 1.8218536376953125, nan
1637886331, 1.5842361450195312, nan
1637886331, 1.3645095825195312, nan
1637886331, 1.2163162231445312, nan
1637886331, 1.1498870849609375, nan
1637886331, 1.0221405029296875, nan
1637886331, 0.8560638427734375, nan
1637886331, 0.7666397094726562, nan
1637886331, 0.7359771728515625, nan
1637886331, 0.7053146362304688, nan
1637886331, 0.6797714233398438, nan
1637886332, 0.6669921875, nan
1637886332, 0.5903396606445312, nan
1637886332, 0.48558807373046875, nan
1637886332, 0.47536468505859375, nan
1637886332, 0.529022216796875, nan
1637886332, 0.5724563598632812, nan
1637886332, 0.5801239013671875, nan
1637886332, 0.5673446655273438, nan
1637886332, 0.5673446655273438, nan
1637886332, 0.5034713745117188, nan
1637886333, 0.3961639404296875, nan
1637886333, 0.37572479248046875, nan
1637886333, 0.42171478271484375, nan
1637886333, 0.45748138427734375, nan
1637886333, 0.46514892578125, nan
1637886333, 0.47281646728515625, nan
1637886333, 0.4830322265625, nan
1637886333, 0.493255615234375, nan
1637886333, 0.49581146240234375, nan
1637886333, 0.41149139404296875, nan
1637886334, 0.3220672607421875, nan
1637886334, 0.345062255859375, nan
1637886334, 0.47281646728515625, nan
1637886334, 0.7845230102539062, nan
1637886334, 1.2265396118164062, nan
1637886334, 1.5356903076171875, nan
1637886334, 1.6225662231445312, nan
1637886334, 1.5663528442382812, nan
1637886334, 1.3875045776367188, 20.914018630981445
1637886334, 1.0860137939453125, nan
1637886335, 0.8279571533203125, nan
1637886335, 0.7742996215820312, nan
1637886335, 0.8177413940429688, nan
1637886335, 0.7947463989257812, nan
1637886335, 0.7998504638671875, nan
1637886335, 1.0017013549804688, nan
1637886335, 1.3619537353515625, nan
1637886335, 1.7094345092773438, nan
1637886335, 2.0134811401367188, nan
1637886335, 2.3839492797851562, nan
1637886336, 2.626678466796875, nan
1637886336, 2.6931076049804688, nan
1637886336, 3.0789108276367188, nan
1637886336, 3.7278823852539062, nan
1637886336, 4.2005615234375, nan
1637886336, 4.3334197998046875, nan
1637886336, 4.4560546875, nan
1637886336, 4.798431396484375, nan
1637886336, 4.790763854980469, nan
1637886336, 4.282318115234375, nan
1637886337, 3.8173065185546875, nan
1637886337, 3.5796966552734375, nan
1637886337, 3.1734466552734375, nan
1637886337, 2.70843505859375, nan
1637886337, 2.5449142456054688, nan
1637886337, 2.3379592895507812, nan
1637886337, 2.0364761352539062, nan
1637886337, 1.9393844604492188, nan
1637886337, 1.8499603271484375, nan
1637886337, 1.5919036865234375, nan
1637886338, 1.4616012573242188, nan
1637886338, 1.45904541015625, nan
1637886338, 1.3977203369140625, nan
1637886338, 1.4258270263671875, nan
1637886338, 1.4232711791992188, nan
1637886338, 1.3082962036132812, nan
1637886338, 1.2904129028320312, nan
1637886338, 1.2623062133789062, nan
1637886338, 1.2546463012695312, nan
1637886338, 1.558685302734375, nan
1637886339, 1.9572677612304688, nan
1637886339, 2.23065185546875, nan
1637886339, 2.6675567626953125, nan
1637886339, 3.0916900634765625, nan
1637886339, 3.2296600341796875, nan
1637886339, 3.51837158203125, nan
1637886339, 3.8811798095703125, nan
1637886339, 3.9680557250976562, nan
1637886339, 4.008934020996094, nan
1637886339, 3.85052490234375, nan
1637886340, 3.390625, nan
1637886340, 2.976715087890625, nan
1637886340, 2.6573410034179688, nan
1637886340, 2.3839492797851562, nan
1637886340, 2.2153244018554688, nan
1637886340, 2.04669189453125, nan
1637886340, 1.7937469482421875, nan
1637886340, 1.6532211303710938, nan
1637886340, 1.4999237060546875, nan
1637886340, 1.2801895141601562, nan
1637886341, 1.246978759765625, nan
1637886341, 1.2776412963867188, nan
1637886341, 1.2137603759765625, nan
1637886341, 1.190765380859375, nan
1637886341, 1.2137603759765625, nan
1637886341, 1.172882080078125, nan
1637886341, 1.0860137939453125, nan
1637886341, 1.0017013549804688, nan
1637886341, 0.9787063598632812, nan
1637886341, 1.0885696411132812, nan
1637886342, 1.246978759765625, nan
1637886342, 1.3977203369140625, nan
1637886342, 1.742645263671875, nan
1637886342, 2.138671875, nan
1637886342, 2.2996368408203125, nan
1637886342, 2.5040359497070312, nan
1637886342, 2.87451171875, nan
1637886342, 3.1300125122070312, nan
1637886342, 3.4008407592773438, nan
1637886342, 3.6435699462890625, nan
1637886343, 3.7381057739257812, nan
1637886343, 3.9195098876953125, nan
1637886343, 3.9450607299804688, nan
1637886343, 3.4877166748046875, nan
1637886343, 3.022705078125, nan
1637886343, 2.74676513671875, nan
1637886343, 2.3890609741210938, nan
1637886343, 2.1539993286132812, nan
1637886343, 1.9700393676757812, nan
1637886343, 1.6634445190429688, nan
1637886344, 1.4181594848632812, nan
1637886344, 1.2086563110351562, nan
1637886344, 1.0119171142578125, nan
1637886344, 0.9761505126953125, nan
1637886344, 0.9633712768554688, nan
1637886344, 0.8765029907226562, nan
1637886344, 0.8841705322265625, nan
1637886344, 0.8483963012695312, nan
1637886344, 0.6593246459960938, 17.699115753173828
1637886344, 0.6261138916015625, nan
1637886345, 0.6644363403320312, nan
1637886345, 0.6593246459960938, nan
1637886345, 0.7640838623046875, nan
1637886345, 0.8407363891601562, nan
1637886345, 0.953155517578125, nan
1637886345, 1.2035446166992188, nan
1637886345, 1.5075912475585938, nan
1637886345, 1.6940994262695312, nan
1637886345, 2.1029052734375, nan
1637886345, 2.6420059204101562, nan
1637886345, 2.9920425415039062, nan
1637886346, 3.2092208862304688, nan
1637886346, 3.3676300048828125, nan
1637886346, 3.3548507690429688, nan
1637886346, 3.2041091918945312, nan
1637886346, 3.178558349609375, nan
1637886346, 3.234771728515625, nan
1637886346, 3.1811141967773438, nan
1637886346, 3.0916900634765625, nan
1637886346, 2.9741592407226562, nan
1637886346, 2.7799758911132812, nan
1637886347, 2.5423660278320312, nan
1637886347, 2.1514511108398438, nan
1637886347, 1.7452011108398438, nan
1637886347, 1.5254745483398438, nan
1637886347, 1.3440704345703125, nan
1637886347, 1.2214279174804688, nan
1637886347, 1.1601104736328125, nan
1637886347, 1.0246963500976562, nan
1637886347, 0.8994979858398438, nan
1637886347, 0.861175537109375, nan
1637886348, 0.8126296997070312, nan
1637886348, 0.6797714233398438, nan
1637886348, 0.49069976806640625, nan
1637886348, 0.43448638916015625, nan
1637886348, 0.4421539306640625, nan
1637886348, 0.345062255859375, nan
1637886348, 0.253082275390625, nan
1637886348, 0.25563812255859375, nan
1637886348, 0.33484649658203125, nan
1637886348, 0.5162506103515625, nan
1637886349, 0.914825439453125, nan
1637886349, 1.2725296020507812, nan
1637886349, 1.45904541015625, nan
1637886349, 1.9010543823242188, nan
1637886349, 2.5270309448242188, nan
1637886349, 2.9434967041015625, nan
1637886349, 3.0814666748046875, nan
1637886349, 3.0993499755859375, nan
1637886349, 2.984375, nan
1637886349, 2.67266845703125, nan
1637886350, 2.3430709838867188, nan
1637886350, 2.074798583984375, nan
1637886350, 1.8652877807617188, nan
1637886350, 1.8192977905273438, nan
1637886350, 1.7630844116210938, nan
1637886350, 1.650665283203125, nan
1637886350, 1.6685562133789062, nan
1637886350, 1.5867919921875, nan
1637886350, 1.3900604248046875, nan
1637886350, 1.40283203125, nan
1637886351, 1.4411544799804688, nan
1637886351, 1.3875045776367188, nan
1637886351, 1.4411544799804688, nan
1637886351, 1.4258270263671875, nan
1637886351, 1.3006362915039062, nan
1637886351, 1.2546463012695312, nan
1637886351, 1.2444229125976562, nan
1637886351, 1.264862060546875, nan
1637886351, 1.3772811889648438, nan
1637886351, 1.4845962524414062, nan
1637886352, 1.6813278198242188, nan
1637886352, 2.0492477416992188, nan
1637886352, 2.2843093872070312, nan
1637886352, 2.5270309448242188, nan
1637886352, 3.0099258422851562, nan
1637886352, 3.3752899169921875, nan
1637886352, 3.5950241088867188, nan
1637886352, 3.7278823852539062, nan
1637886352, 3.510711669921875, nan
1637886352, 2.9920425415039062, nan
1637886353, 2.4631576538085938, nan
1637886353, 2.0722427368164062, nan
1637886353, 1.8525161743164062, nan
1637886353, 1.7324295043945312, nan
1637886353, 1.6021194458007812, nan
1637886353, 1.49481201171875, nan
1637886353, 1.4513778686523438, nan
1637886353, 1.40283203125, nan
1637886353, 1.27508544921875, nan
1637886353, 1.144775390625, nan
1637886354, 1.1192245483398438, nan
1637886354, 1.1524429321289062, nan
1637886354, 1.190765380859375, nan
1637886354, 1.1703262329101562, nan
1637886354, 1.1677703857421875, nan
1637886354, 1.2137603759765625, nan
1637886354, 1.190765380859375, nan
1637886354, 1.1013412475585938, 17.39130401611328
1637886354, 1.0783462524414062, nan
1637886354, 1.18310546875, nan
1637886355, 1.4718170166015625, nan
1637886355, 1.8601760864257812, nan
1637886355, 2.1795501708984375, nan
1637886355, 2.644561767578125, nan
1637886355, 3.0840225219726562, nan
1637886355, 3.3931808471679688, nan
1637886355, 3.6231307983398438, nan
1637886355, 3.8454132080078125, nan
1637886355, 3.9373931884765625, nan
1637886356, 3.7253265380859375, nan
1637886356, 3.2756500244140625, nan
1637886356, 2.8080825805664062, nan
1637886356, 2.4631576538085938, nan
1637886356, 2.1412277221679688, nan
1637886356, 1.770751953125, nan
1637886356, 1.540802001953125, nan
1637886356, 1.4641494750976562, nan
1637886356, 1.3977203369140625, nan
1637886356, 1.3466262817382812, nan
1637886357, 1.3031845092773438, nan
1637886357, 1.2725296020507812, nan
1637886357, 1.282745361328125, nan
1637886357, 1.2265396118164062, nan
1637886357, 1.0655746459960938, nan
1637886357, 1.0221405029296875, nan
1637886357, 1.0783462524414062, nan
1637886357, 1.098785400390625, nan
1637886357, 1.1320037841796875, nan
1637886357, 1.1396713256835938, nan
1637886357, 1.137115478515625, nan
1637886358, 1.3006362915039062, nan
1637886358, 1.49481201171875, nan
1637886358, 1.7324295043945312, nan
1637886358, 2.2434310913085938, nan
1637886358, 2.7672042846679688, nan
1637886358, 3.18878173828125, nan
1637886358, 3.6410140991210938, nan
1637886358, 4.0395965576171875, nan
1637886358, 4.318084716796875, nan
1637886358, 4.404960632324219, nan
1637886359, 4.136680603027344, nan
1637886359, 3.66656494140625, nan
1637886359, 3.2552108764648438, nan
1637886359, 2.8489608764648438, nan
1637886359, 2.4657135009765625, nan
1637886359, 2.2153244018554688, nan
1637886359, 1.9777069091796875, nan
1637886359, 1.6685562133789062, nan
1637886359, 1.448822021484375, nan
1637886359, 1.3645095825195312, nan
1637886360, 1.31085205078125, nan
1637886360, 1.264862060546875, nan
1637886360, 1.1958770751953125, nan
1637886360, 1.1856613159179688, nan
1637886360, 1.2061004638671875, nan
1637886360, 1.1294479370117188, nan
1637886360, 0.9965896606445312, nan
1637886360, 0.9199371337890625, nan
1637886360, 0.9378204345703125, nan
1637886360, 1.034912109375, nan
1637886361, 1.1524429321289062, nan
1637886361, 1.3134078979492188, nan
1637886361, 1.6966552734375, nan
1637886361, 2.1591110229492188, nan
1637886361, 2.48870849609375, nan
1637886361, 2.8131942749023438, nan
1637886361, 3.2219924926757812, nan
1637886361, 3.6512298583984375, nan
1637886361, 4.072807312011719, nan
1637886361, 4.427955627441406, nan
1637886362, 4.642570495605469, nan
1637886362, 4.565925598144531, nan
1637886362, 3.9757156372070312, nan
1637886362, 3.2373199462890625, nan
1637886362, 2.810638427734375, nan
1637886362, 2.516815185546875, nan
1637886362, 2.2102127075195312, nan
1637886362, 1.9879302978515625, nan
1637886362, 1.8014144897460938, nan
1637886362, 1.6404495239257812, nan
1637886363, 1.5024795532226562, nan
1637886363, 1.2725296020507812, nan
1637886363, 1.1064529418945312, nan
1637886363, 1.1013412475585938, nan
1637886363, 1.080902099609375, nan
1637886363, 1.0604629516601562, nan
1637886363, 1.0579071044921875, nan
1637886363, 1.0144729614257812, nan
1637886363, 1.01702880859375, nan
1637886363, 1.0374679565429688, nan
1637886364, 0.9812545776367188, nan
1637886364, 1.1064529418945312, nan
1637886364, 1.4999237060546875, nan
1637886364, 1.9521560668945312, nan
1637886364, 2.4222793579101562, nan
1637886364, 2.8694000244140625, nan
1637886364, 3.3114166259765625, nan
1637886364, 3.7891998291015625, 19.258201599121094
1637886364, 4.146903991699219, nan
1637886364, 4.356414794921875, nan
1637886365, 4.6374664306640625, nan
1637886365, 4.933845520019531, nan
1637886365, 4.887855529785156, nan
1637886365, 4.4432830810546875, nan
1637886365, 3.840301513671875, nan
1637886365, 3.3241958618164062, nan
1637886365, 2.8310775756835938, nan
1637886365, 2.294525146484375, nan
1637886365, 1.9598236083984375, nan
1637886365, 1.8448486328125, nan
1637886366, 1.7170944213867188, nan
1637886366, 1.5919036865234375, nan
1637886366, 1.5024795532226562, nan
1637886366, 1.3772811889648438, nan
1637886366, 1.246978759765625, nan
1637886366, 1.0681304931640625, nan
1637886366, 0.9046096801757812, nan
1637886366, 0.8535079956054688, nan
1637886366, 0.7896347045898438, nan
1637886366, 0.7027664184570312, nan
1637886367, 0.8458404541015625, nan
1637886367, 1.2520904541015625, nan
1637886367, 1.614898681640625, nan
1637886367, 1.9751510620117188, nan
1637886367, 2.4759292602539062, nan
1637886367, 2.8796234130859375, nan
1637886367, 3.2679824829101562, nan
1637886367, 3.7432098388671875, nan
1637886367, 4.1852264404296875, nan
1637886367, 4.542930603027344, nan
1637886368, 4.614471435546875, nan
1637886368, 4.338531494140625, nan
1637886368, 3.9527206420898438, nan
1637886368, 3.528594970703125, nan
1637886368, 3.022705078125, nan
1637886368, 2.6036834716796875, nan
1637886368, 2.2817535400390625, nan
1637886368, 1.9112777709960938, nan
1637886368, 1.632781982421875, nan
1637886368, 1.5612411499023438, nan
1637886369, 1.4539337158203125, nan
1637886369, 1.282745361328125, nan
1637886369, 1.229095458984375, nan
1637886369, 1.1984329223632812, nan
1637886369, 1.1243362426757812, nan
1637886369, 1.1166763305664062, nan
1637886369, 1.1166763305664062, nan
1637886369, 1.1677703857421875, nan
1637886369, 1.4769287109375, nan
1637886369, 1.908721923828125, nan
1637886370, 2.2970809936523438, nan
1637886370, 2.67266845703125, nan
1637886370, 3.0482559204101562, nan
1637886370, 3.4596099853515625, nan
1637886370, 3.9348373413085938, nan
1637886370, 4.376853942871094, nan
1637886370, 4.760101318359375, nan
1637886370, 5.079475402832031, nan
1637886370, 4.887855529785156, nan
1637886370, 4.146903991699219, nan
1637886371, 3.5796966552734375, nan
1637886371, 3.2322158813476562, nan
1637886371, 2.7953109741210938, nan
1637886371, 2.4554901123046875, nan
1637886371, 2.2280960083007812, nan
1637886371, 1.9444961547851562, nan
1637886371, 1.6481094360351562, nan
1637886371, 1.4513778686523438, nan
1637886371, 1.3645095825195312, nan
1637886371, 1.3645095825195312, nan
1637886372, 1.4513778686523438, nan
1637886372, 1.8422927856445312, nan
1637886372, 2.56280517578125, nan
1637886372, 3.1172409057617188, nan
1637886372, 3.4059524536132812, nan
1637886372, 3.8735198974609375, nan
1637886372, 4.4330596923828125, nan
1637886372, 4.816314697265625, nan
1637886372, 5.1561279296875, nan
1637886372, 5.06414794921875, nan
1637886373, 4.36407470703125, nan
1637886373, 3.5669174194335938, nan
1637886373, 2.9102859497070312, nan
1637886373, 2.4478302001953125, nan
1637886373, 2.2332077026367188, nan
1637886373, 2.0339202880859375, nan
1637886373, 1.7630844116210938, nan
1637886373, 1.6200103759765625, nan
1637886373, 1.466705322265625, nan
1637886373, 1.1601104736328125, nan
1637886374, 0.9684829711914062, nan
1637886374, 0.896942138671875, nan
1637886374, 0.77685546875, nan
1637886374, 0.86883544921875, nan
1637886374, 1.2316513061523438, nan
1637886374, 1.6864395141601562, nan
1637886374, 2.276641845703125, nan
1637886374, 2.7161026000976562, 20.224720001220703
1637886374, 2.920501708984375, nan
1637886374, 3.3574066162109375, nan
1637886375, 3.9067306518554688, nan
1637886375, 4.284873962402344, nan
1637886375, 4.785652160644531, nan
1637886375, 5.2072296142578125, nan
1637886375, 4.946617126464844, nan
1637886375, 4.300201416015625, nan
1637886375, 3.766204833984375, nan
1637886375, 3.2833099365234375, nan
1637886375, 2.8642959594726562, nan
1637886375, 2.5500259399414062, nan
1637886376, 2.2255401611328125, nan
1637886376, 1.9444961547851562, nan
1637886376, 1.6736602783203125, nan
1637886376, 1.3823928833007812, nan
1637886376, 1.229095458984375, nan
1637886376, 1.154998779296875, nan
1637886376, 1.0195846557617188, nan
1637886376, 0.914825439453125, nan
1637886376, 0.9199371337890625, nan
1637886376, 0.9582595825195312, nan
1637886377, 1.1038970947265625, nan
1637886377, 1.5663528442382812, nan
1637886377, 2.1156768798828125, nan
1637886377, 2.5730209350585938, nan
1637886377, 3.0993499755859375, nan
1637886377, 3.5771408081054688, nan
1637886377, 3.9629440307617188, nan
1637886377, 4.338531494140625, nan
1637886377, 4.588920593261719, nan
1637886377, 4.6374664306640625, nan
1637886378, 4.3794097900390625, nan
1637886378, 3.85052490234375, nan
1637886378, 3.3420791625976562, nan
1637886378, 2.9537200927734375, nan
1637886378, 2.4554901123046875, nan
1637886378, 1.9623794555664062, nan
1637886378, 1.7656402587890625, nan
1637886378, 1.6532211303710938, nan
1637886378, 1.5433578491210938, nan
1637886378, 1.5459136962890625, nan
1637886379, 1.5152511596679688, nan
1637886379, 1.3619537353515625, nan
1637886379, 1.12689208984375, nan
1637886379, 0.9276046752929688, nan
1637886379, 0.8356246948242188, nan
1637886379, 0.804962158203125, nan
1637886379, 0.7972946166992188, nan
1637886379, 0.9199371337890625, nan
1637886379, 1.3261795043945312, nan
1637886379, 1.770751953125, nan
1637886380, 2.0671310424804688, nan
1637886380, 2.4759292602539062, nan
1637886380, 2.9920425415039062, nan
1637886380, 3.3752899169921875, nan
1637886380, 3.7789840698242188, nan
1637886380, 4.264434814453125, nan
1637886380, 4.5812530517578125, nan
1637886380, 4.668121337890625, nan
1637886380, 4.4790496826171875, nan
1637886380, 3.978271484375, nan
1637886381, 3.44427490234375, nan
1637886381, 3.0278167724609375, nan
1637886381, 2.626678466796875, nan
1637886381, 2.2536468505859375, nan
1637886381, 1.880615234375, nan
1637886381, 1.6097869873046875, nan
1637886381, 1.5459136962890625, nan
1637886381, 1.4845962524414062, nan
1637886381, 1.3057403564453125, nan
1637886381, 1.1677703857421875, nan
1637886382, 1.1652145385742188, nan
1637886382, 1.0681304931640625, nan
1637886382, 0.8867263793945312, nan
1637886382, 0.8739471435546875, nan
1637886382, 0.9046096801757812, nan
1637886382, 1.0042495727539062, nan
1637886382, 1.3926162719726562, nan
1637886382, 1.8601760864257812, nan
1637886382, 2.2970809936523438, nan
1637886382, 2.7237701416015625, nan
1637886383, 3.0661392211914062, nan
1637886383, 3.4493865966796875, nan
1637886383, 3.9220657348632812, nan
1637886383, 4.318084716796875, nan
1637886383, 4.668121337890625, nan
1637886383, 4.9951629638671875, nan
1637886383, 4.841865539550781, nan
1637886383, 4.172454833984375, nan
1637886383, 3.62823486328125, nan
1637886383, 3.2398757934570312, nan
1637886384, 2.902618408203125, nan
1637886384, 2.6854400634765625, nan
1637886384, 2.4682693481445312, nan
1637886384, 2.2996368408203125, nan
1637886384, 2.1029052734375, nan
1637886384, 1.7400894165039062, nan
1637886384, 1.4437103271484375, nan
1637886384, 1.3491744995117188, 21.645021438598633
1637886384, 1.2418670654296875, nan
1637886384, 1.0936813354492188, nan
1637886385, 1.0298004150390625, nan
1637886385, 0.9965896606445312, nan
1637886385, 0.9454879760742188, nan
1637886385, 1.045135498046875, nan
1637886385, 1.3823928833007812, nan
1637886385, 1.8371810913085938, nan
1637886385, 2.3584060668945312, nan
1637886385, 2.828521728515625, nan
1637886385, 3.1913299560546875, nan
1637886385, 3.6333465576171875, nan
1637886386, 3.9476165771484375, nan
1637886386, 4.060035705566406, nan
1637886386, 4.3104248046875, nan
1637886386, 4.3870697021484375, nan
1637886386, 3.9987106323242188, nan
1637886386, 3.528594970703125, nan
1637886386, 3.1376800537109375, nan
1637886386, 2.7109909057617188, nan
1637886386, 2.2817535400390625, nan
1637886386, 1.9802627563476562, nan
1637886387, 1.8116302490234375, nan
1637886387, 1.6864395141601562, nan
1637886387, 1.551025390625, nan
1637886387, 1.3900604248046875, nan
1637886387, 1.2776412963867188, nan
1637886387, 1.1166763305664062, nan
1637886387, 0.9046096801757812, nan
1637886387, 0.8765029907226562, nan
1637886387, 1.0425796508789062, nan
1637886387, 1.338958740234375, nan
1637886388, 1.816741943359375, nan
1637886388, 2.3430709838867188, nan
1637886388, 2.7646484375, nan
1637886388, 3.1070175170898438, nan
1637886388, 3.4698257446289062, nan
1637886388, 3.840301513671875, nan
1637886388, 4.198005676269531, nan
1637886388, 4.550590515136719, nan
1637886388, 4.7549896240234375, nan
1637886388, 4.716667175292969, nan
1637886389, 4.243995666503906, nan
1637886389, 3.5337066650390625, nan
1637886389, 3.086578369140625, nan
1637886389, 2.7518768310546875, nan
1637886389, 2.3584060668945312, nan
1637886389, 2.0722427368164062, nan
1637886389, 1.8780593872070312, nan
1637886389, 1.6302261352539062, nan
1637886389, 1.3415145874023438, nan
1637886389, 1.1626663208007812, nan
1637886390, 1.0783462524414062, nan
1637886390, 1.006805419921875, nan
1637886390, 0.9454879760742188, nan
1637886390, 0.8892745971679688, nan
1637886390, 0.90716552734375, nan
1637886390, 0.9505996704101562, nan
1637886390, 0.925048828125, nan
1637886390, 1.098785400390625, nan
1637886390, 1.4922561645507812, nan
1637886390, 1.8474044799804688, nan
1637886391, 2.2459793090820312, nan
1637886391, 2.644561767578125, nan
1637886391, 2.9613800048828125, nan
1637886391, 3.37274169921875, nan
1637886391, 3.7099990844726562, nan
1637886391, 3.8300857543945312, nan
1637886391, 4.024261474609375, nan
1637886391, 4.12646484375, nan
1637886391, 3.7687606811523438, nan
1637886391, 3.26031494140625, nan
1637886392, 2.8642959594726562, nan
1637886392, 2.442718505859375, nan
1637886392, 2.0441360473632812, nan
1637886392, 1.706878662109375, nan
1637886392, 1.4641494750976562, nan
1637886392, 1.38494873046875, nan
1637886392, 1.3287353515625, nan
1637886392, 1.1933212280273438, nan
1637886392, 1.1141204833984375, nan
1637886392, 1.1090087890625, nan
1637886393, 1.05279541015625, nan
1637886393, 0.914825439453125, nan
1637886393, 0.8458404541015625, nan
1637886393, 0.8637313842773438, nan
1637886393, 0.8892745971679688, nan
1637886393, 0.9582595825195312, nan
1637886393, 1.0783462524414062, nan
1637886393, 1.3159637451171875, nan
1637886393, 1.7324295043945312, nan
1637886393, 2.0696868896484375, nan
1637886394, 2.2970809936523438, nan
1637886394, 2.7212142944335938, nan
1637886394, 3.1708908081054688, nan
1637886394, 3.48260498046875, nan
1637886394, 3.8914031982421875, nan
1637886394, 4.2950897216796875, nan
1637886394, 4.4892730712890625, nan
1637886394, 4.34619140625, 22.388059616088867
1637886394, 3.730438232421875, nan
1637886394, 3.0584716796875, nan
1637886395, 2.7058868408203125, nan
1637886395, 2.4273910522460938, nan
1637886395, 2.0773544311523438, nan
1637886395, 1.8525161743164062, nan
1637886395, 1.6966552734375, nan
1637886395, 1.4002761840820312, nan
1637886395, 1.1805496215820312, nan
1637886395, 1.1524429321289062, nan
1637886395, 1.1064529418945312, nan
1637886395, 1.0860137939453125, nan
1637886396, 1.0860137939453125, nan
1637886396, 1.05279541015625, nan
1637886396, 1.0834579467773438, nan
1637886396, 1.0706863403320312, nan
1637886396, 0.9991455078125, nan
1637886396, 1.1958770751953125, nan
1637886396, 1.5995712280273438, nan
1637886396, 1.9419403076171875, nan
1637886396, 2.3200759887695312, nan
1637886396, 2.792755126953125, nan
1637886397, 3.214324951171875, nan
1637886397, 3.5439224243164062, nan
1637886397, 3.8351898193359375, nan
1637886397, 4.0574798583984375, nan
1637886397, 4.0932464599609375, nan
1637886397, 3.77642822265625, nan
1637886397, 3.2041091918945312, nan
1637886397, 2.8949508666992188, nan
1637886397, 2.5270309448242188, nan
1637886397, 1.246978759765625, nan
1637886398, -0.01519012451171875, nan
1637886398, -0.464874267578125, nan
1637886398, -0.5619583129882812, nan
1637886398, -0.5440750122070312, nan
1637886398, -0.5721817016601562, nan
1637886398, -0.6513900756835938, nan
1637886398, -0.7510299682617188, nan
1637886398, -0.8276824951171875, nan
1637886398, -0.8634490966796875, nan
1637886398, -0.8532333374023438, nan
1637886399, -0.7561416625976562, nan
1637886399, -0.648834228515625, nan
1637886399, -0.60284423828125, nan
1637886399, -0.5210800170898438, nan
1637886399, -0.390777587890625, nan
1637886399, -0.326904296875, nan
1637886399, -0.34223175048828125, nan
1637886399, -0.28347015380859375, nan
1637886399, 0.0103607177734375, nan
1637886400, 0.5162506103515625, nan
1637886400, 1.0298004150390625, nan
1637886400, 1.23675537109375, nan
1637886400, 1.1038970947265625, nan
1637886400, 0.971038818359375, nan
1637886400, 0.8841705322265625, nan
1637886400, 0.6593246459960938, nan
1637886400, 0.40383148193359375, nan
1637886400, 0.253082275390625, nan
1637886400, 0.09722900390625, nan
1637886401, -0.01519012451171875, nan
1637886401, 0.35272979736328125, nan
1637886401, 1.1984329223632812, nan
1637886401, 1.5075912475585938, nan
1637886401, 1.1473312377929688, nan
1637886401, 0.8535079956054688, nan
1637886401, 0.6746597290039062, nan
1637886401, 0.46259307861328125, nan
1637886401, 0.3041839599609375, nan
1637886401, 0.18154144287109375, nan
1637886402, 0.041015625, nan
1637886402, -0.08417510986328125, nan
1637886402, -0.15827178955078125, nan
1637886402, -0.2298126220703125, nan
1637886402, -0.26047515869140625, nan
1637886402, -0.2476959228515625, nan
1637886402, -0.27069091796875, nan
1637886402, -0.32946014404296875, nan
1637886402, -0.37545013427734375, nan
1637886402, -0.39333343505859375, nan
1637886403, -0.40610504150390625, nan
1637886403, -0.3856658935546875, nan
1637886403, -0.2758026123046875, nan
1637886403, -0.11228179931640625, nan
1637886403, 0.07678985595703125, nan
1637886403, 0.26586151123046875, nan
1637886403, 0.42171478271484375, nan
1637886403, 0.5954513549804688, nan
1637886403, 0.8024063110351562, nan
1637886403, 0.971038818359375, nan
1637886404, 1.1166763305664062, nan
1637886404, 1.2674179077148438, nan
1637886404, 1.3823928833007812, nan
1637886404, 1.413055419921875, nan
1637886404, 1.3261795043945312, nan
1637886404, 1.1575546264648438, nan
1637886404, 0.9608154296875, nan
1637886404, 0.769195556640625, nan
1637886404, 0.5775680541992188, 21.77858543395996
1637886404, 0.3859405517578125, nan
1637886405, 0.18154144287109375, nan
1637886405, 0.04868316650390625, nan
1637886405, 0.0180206298828125, nan
1637886405, 0.0180206298828125, nan
1637886405, -0.02030181884765625, nan
1637886405, -0.08673095703125, nan
1637886405, -0.1199493408203125, nan
1637886405, -0.188934326171875, nan
1637886405, -0.24514007568359375, nan
1637886405, -0.280914306640625, nan
1637886406, -0.3626708984375, nan
1637886406, -0.426544189453125, nan
1637886406, -0.45720672607421875, nan
1637886406, -0.48531341552734375, nan
1637886406, -0.5159683227539062, nan
1637886406, -0.5108642578125, nan
1637886406, -0.4878692626953125, nan
1637886406, -0.47509002685546875, nan
1637886406, -0.44443511962890625, nan
1637886406, -0.34223175048828125, nan
1637886407, -0.17104339599609375, nan
1637886407, 0.01546478271484375, nan
1637886407, 0.2403106689453125, nan
1637886407, 0.4779205322265625, nan
1637886407, 0.6797714233398438, nan
1637886407, 0.8739471435546875, nan
1637886407, 1.0476913452148438, nan
1637886407, 1.1396713256835938, nan
1637886407, 1.1575546264648438, nan
1637886407, 1.2444229125976562, nan
1637886408, 1.3670654296875, nan
1637886408, 1.3440704345703125, nan
1637886408, 1.190765380859375, nan
1637886408, 1.0119171142578125, nan
1637886408, 0.8305130004882812, nan
1637886408, 0.6823196411132812, nan
1637886408, 0.5545730590820312, nan
1637886408, 0.42937469482421875, nan
1637886408, 0.34250640869140625, nan
1637886408, 0.22241973876953125, nan
1637886409, 0.13043975830078125, nan
1637886409, 0.06145477294921875, nan
1637886409, -0.040740966796875, nan
1637886409, -0.058624267578125, nan
1637886409, -0.06629180908203125, nan
1637886409, -0.15316009521484375, nan
1637886409, -0.18126678466796875, nan
1637886409, -0.21448516845703125, nan
1637886409, -0.29624176025390625, nan
1637886409, -0.25025177001953125, nan
1637886410, -0.14804840087890625, nan
1637886410, -0.004974365234375, nan
1637886410, 0.27352142333984375, nan
1637886410, 0.5188064575195312, nan
1637886410, 0.7257614135742188, nan
1637886410, 0.9838104248046875, nan
1637886410, 1.2035446166992188, nan
1637886410, 1.4232711791992188, nan
1637886410, 1.6378936767578125, nan
1637886410, 1.780975341796875, nan
1637886411, 1.9419403076171875, nan
1637886411, 1.9751510620117188, nan
1637886411, 1.6966552734375, nan
1637886411, 1.4386062622070312, nan
1637886411, 1.2546463012695312, nan
1637886411, 0.971038818359375, nan
1637886411, 0.7513046264648438, nan
1637886411, 0.5622406005859375, nan
1637886411, 0.29651641845703125, nan
1637886411, 0.143218994140625, nan
1637886412, 0.087005615234375, nan
1637886412, 0.00269317626953125, nan
1637886412, -0.040740966796875, nan
1637886412, -0.14038848876953125, nan
1637886412, -0.23748016357421875, nan
1637886412, -0.25536346435546875, nan
1637886412, -0.3217926025390625, nan
1637886412, -0.27324676513671875, nan
1637886412, -0.08928680419921875, nan
1637886412, 0.087005615234375, nan
1637886413, 0.34761810302734375, nan
1637886413, 0.6261138916015625, nan
1637886413, 0.83306884765625, nan
1637886413, 1.034912109375, nan
1637886413, 1.2061004638671875, nan
1637886413, 1.3875045776367188, nan
1637886413, 1.5867919921875, nan
1637886413, 1.6762161254882812, nan
1637886413, 1.7145462036132812, nan
1637886413, 1.6838836669921875, nan
1637886413, 1.5382461547851562, nan
1637886414, 1.29296875, nan
1637886414, 1.0834579467773438, nan
1637886414, 0.8943862915039062, nan
1637886414, 0.712982177734375, nan
1637886414, 0.5928955078125, nan
1637886414, 0.41660308837890625, nan
1637886414, 0.27352142333984375, nan
1637886414, 0.23264312744140625, 12.14574909210205
1637886414, 0.09467315673828125, nan
1637886414, -0.004974365234375, nan
1637886415, 0.02568817138671875, nan
1637886415, -0.01519012451171875, nan
1637886415, -0.03818511962890625, nan
1637886415, -0.04840850830078125, nan
1637886415, -0.1097259521484375, nan
1637886415, -0.07906341552734375, nan
1637886415, -0.03818511962890625, nan
1637886415, 0.10489654541015625, nan
1637886415, 0.419158935546875, nan
1637886416, 0.6439971923828125, nan
1637886416, 0.8535079956054688, nan
1637886416, 1.1626663208007812, nan
1637886416, 1.4564895629882812, nan
1637886416, 1.5842361450195312, nan
1637886416, 1.4360504150390625, nan
1637886416, 1.154998779296875, nan
1637886416, 0.861175537109375, nan
1637886416, 0.6363296508789062, nan
1637886416, 0.5801239013671875, nan
1637886417, 0.6235580444335938, nan
1637886417, 0.6542205810546875, nan
1637886417, 0.6286697387695312, nan
1637886417, 0.5494613647460938, nan
1637886417, 0.5188064575195312, nan
1637886417, 0.5826797485351562, nan
1637886417, 0.6107864379882812, nan
1637886417, 0.5647964477539062, nan
1637886417, 0.511138916015625, nan
1637886417, 0.46770477294921875, nan
1637886418, 0.4421539306640625, nan
1637886418, 0.41149139404296875, nan
1637886418, 0.35272979736328125, nan
1637886418, 0.2479705810546875, nan
1637886418, 0.143218994140625, nan
1637886418, 0.1023406982421875, nan
1637886418, -0.06118011474609375, nan
1637886418, -0.27069091796875, nan
1637886418, -0.298797607421875, nan
1637886418, -0.2195892333984375, nan
1637886419, -0.05606842041015625, nan
1637886419, 0.30162811279296875, nan
1637886419, 0.7487564086914062, nan
1637886419, 1.1038970947265625, nan
1637886419, 1.4181594848632812, nan
1637886419, 1.5356903076171875, nan
1637886419, 1.282745361328125, nan
1637886419, 0.9046096801757812, nan
1637886419, 0.5903396606445312, nan
1637886419, 0.3680572509765625, nan
1637886420, 0.29140472412109375, nan
1637886420, 0.24541473388671875, nan
1637886420, 0.189208984375, nan
1637886420, 0.02313232421875, nan
1637886420, -0.24002838134765625, nan
1637886420, -0.334564208984375, nan
1637886420, -0.38822174072265625, nan
1637886420, -0.49297332763671875, nan
1637886420, -0.500640869140625, nan
1637886420, -0.518524169921875, nan
1637886421, -0.5696258544921875, nan
1637886421, -0.546630859375, nan
1637886421, -0.556854248046875, nan
1637886421, -0.6207275390625, nan
1637886421, -0.6334991455078125, nan
1637886421, -0.6437225341796875, nan
1637886421, -0.656494140625, nan
1637886421, -0.6181716918945312, nan
1637886421, -0.610504150390625, nan
1637886421, -0.6181716918945312, nan
1637886422, -0.5670700073242188, nan
1637886422, -0.5696258544921875, nan
1637886422, -0.5696258544921875, nan
1637886422, -0.49297332763671875, nan
1637886422, -0.49808502197265625, nan
1637886422, -0.5721817016601562, nan
1637886422, -0.6181716918945312, nan
1637886422, -0.6871566772460938, nan
1637886422, -0.7357025146484375, nan
1637886422, -0.6820449829101562, nan
1637886423, -0.5824050903320312, nan
1637886423, -0.42144012451171875, nan
1637886423, -0.15316009521484375, nan
1637886423, 0.0921173095703125, nan
1637886423, 0.3220672607421875, nan
1637886423, 0.5494613647460938, nan
1637886423, 0.7155380249023438, nan
1637886423, 0.914825439453125, nan
1637886423, 1.1243362426757812, nan
1637886423, 1.1703262329101562, nan
1637886423, 1.0936813354492188, nan
1637886424, 0.9352645874023438, nan
1637886424, 0.6414413452148438, nan
1637886424, 0.40637969970703125, nan
1637886424, 0.29140472412109375, nan
1637886424, 0.0921173095703125, nan
1637886424, -0.08928680419921875, nan
1637886424, -0.150604248046875, nan
1637886424, -0.2655792236328125, 7.3800740242004395
1637886424, -0.37545013427734375, nan
1637886425, -0.3575592041015625, nan
1637886425, -0.41888427734375, nan
1637886425, -0.48020172119140625, nan
1637886425, -0.48020172119140625, nan
1637886425, -0.52874755859375, nan
1637886425, -0.5798492431640625, nan
1637886425, -0.5594100952148438, nan
1637886425, -0.5542984008789062, nan
